3 0.326402365625 0.62818095 0.319237121875 0.6152139531249999 0.3160830640625 0.6266185359375 0.334645709375 0.70204206875 0.338754009375 0.706624803125 0.3441212546875 0.7001761421875 0.326402365625 0.62818095
3 0.29559506875 0.73309614375 0.3012803984375 0.7319765859375 0.30201366875 0.7228459578125 0.2834510234375 0.6474224265624999 0.28071215625 0.644367265625 0.277447615625 0.643212878125 0.2758705890625 0.64891516875 0.2773505046875 0.663001721875 0.291486771875 0.728513409375 0.29559506875 0.73309614375
3 0.22021928124999998 0.7659116375 0.2236914203125 0.7598361640625 0.2118788265625 0.7118393703125 0.2129301796875 0.7080378406250001 0.20111758750000003 0.660041046875 0.193952340625 0.6470740484374999 0.189954528125 0.6550502890625001 0.2000796078125 0.6961903984375 0.19902825468750002 0.6999919265625001 0.2142158734375 0.7617020906249999 0.22021928124999998 0.7659116375
3 0.26422197812500003 0.7428686375 0.2657990046875 0.7371663468749999 0.2630601375 0.7341111875 0.2624239796875 0.723452978125 0.23964254999999998 0.6308877328125 0.2360599265625 0.6244042328125 0.21952962656250002 0.6258621421874999 0.21774500156249998 0.6387943 0.2430577 0.7416445703125001 0.248009753125 0.74965565 0.26422197812500003 0.7428686375
3 0.365878078125 0.8612385578125 0.3719919703125 0.87800708125 0.3747442125 0.9134100609375 0.3798067515625 0.9339801140624999 0.3922421296875 0.9602872984375 0.40088729218749997 0.9873408484375 0.408578209375 0.998407084375 0.4237390796875 0.9954216015625 0.4253161125 0.9897193124999999 0.41939644062500003 0.9333730921875001 0.41264638906249995 0.90594635625 0.3907220921875 0.849157278125 0.3824921203125 0.8076439859375 0.37363936249999996 0.787820303125 0.3552139515625 0.7896513890625 0.3504828640625 0.8067582640625 0.3568043515625 0.81629691875 0.3637620015625 0.8364937875 0.365878078125 0.8612385578125
3 0.3745642515625 1 0.3656972328125 0.9331640718750001 0.36295836718749996 0.9301089109375 0.35135336875 0.8748822484375 0.33996934218749997 0.8447735406250001 0.323937965625 0.7796350328125 0.3127749078125 0.7746442765625 0.309510365625 0.77348988125 0.3079333390625 0.7791921765625001 0.3136320375 0.810420440625 0.3113217390625 0.825253365625 0.31469676562500004 0.838966734375 0.31343781875 0.8499981343749999 0.3180851671875 0.885027928125 0.328210246875 0.9261680359375 0.3269512984375 0.93719943125 0.34948685468749996 1 0.3745642515625 1
3 0.32422769218749997 1 0.32107175 0.9778966812500001 0.323589646875 0.9558338859375001 0.31851373125000004 0.9029160062500001 0.30206716562499997 0.8522372468749999 0.2930068140625 0.8396434312500001 0.29089073125 0.8148986624999999 0.283933084375 0.7947017953125 0.26550767343750004 0.79653288125 0.26393064375 0.802235178125 0.27173205 0.8258603859375 0.2572073390625 0.8395040828125 0.270071284375 0.8836993453125 0.269130415625 0.9000598500000001 0.2538456859375 0.8581385328125 0.24962690312500002 0.8409968234375 0.2519372046875 0.8261638984375 0.246667071875 0.8128237140625 0.23792479531250002 0.80555900625 0.22086881875 0.808917671875 0.2192917875 0.8146199624999999 0.2294168671875 0.8557600703125001 0.2399838875 0.94713608125 0.257440359375 1 0.2908264390625 1 0.2900167375 0.992998275 0.2962935890625 1 0.32422769218749997 1
3 0.5189132078124999 0.7160790031250001 0.5286097203125 0.739331025 0.518082825 0.7449984828125 0.5292726296875 0.8146848859375 0.5240158687500001 0.8336925203125001 0.5385807 0.9170922921875 0.55280070625 0.9304673156250001 0.5755420124999999 0.9259890921875 0.575197184375 0.85596434375 0.5555564359375 0.71964669375 0.554270740625 0.6659824484375 0.5369804171875 0.6118753421875 0.5196365968750001 0.428376946875 0.5103552734375 0.3906651765625 0.5044623515625 0.39901460312500003 0.5044757265625 0.4313624296875 0.5195092484375 0.62969375 0.5121497796875001 0.656304440625 0.5189132078124999 0.7160790031250001
3 0.5877599140624999 0.6809547234375 0.5974831734375 0.7689023921875 0.6240681953125 0.893069084375 0.63913195625 0.9098724468749999 0.6629246109375 0.9015926999999999 0.6611132421875 0.849829215625 0.61806828125 0.642635934375 0.6028940375 0.6132735984375 0.544453859375 0.351600025 0.5396122906249999 0.3561479171875 0.542364528125 0.3915508984375 0.5790880031250001 0.5892055265625 0.575947321875 0.63295793125 0.5877599140624999 0.6809547234375
3 0.7532670515625 0.9053694171875 0.770323028125 0.90201075 0.78010328125 0.8731261109374999 0.751000365625 0.771022209375 0.7014530703124999 0.6262157828125 0.6789059843749999 0.5911163171875 0.5779029078125 0.26952883125 0.56357241875 0.24359483437499999 0.5644295500000001 0.279370996875 0.66185000625 0.594474984375 0.6738835671875 0.6675897265625 0.7251317515625 0.8516006578124999 0.7532670515625 0.9053694171875
3 1 0.602465375 0.979799721875 0.513891778125 0.9566164796875001 0.4681340953125 0.9365739156249999 0.378624009375 0.9239309406249999 0.3595466953125 0.8445938 0.0442632859375 0.831522996875 0.043578273437499995 0.8969708515624999 0.3468832109375 0.8946739234375001 0.3940639546875 0.9151316796875 0.4691143015625 0.9136785109375 0.5197233906250001 0.9731700375000001 0.7775954406250001 0.9956066375000001 0.80013593125 1 0.7984420296875 1 0.602465375
3 0.8627280515625 0.80114095 0.9006302296875001 0.79367724375 0.9038813937500001 0.7624838140625 0.8768276859374999 0.523385571875 0.85342346875 0.452509934375 0.8527739359375 0.4095039 0.8329523421875 0.3451117703125 0.8027312015625 0.0850702875 0.7931651484375 0.041568023437500004 0.78012444375 0.0408845890625 0.781248846875 0.078517109375 0.8155212921875 0.4599736390625 0.8079676046875001 0.526162025 0.832697640625 0.7477453749999999 0.8430303171875 0.7816556125 0.8627280515625 0.80114095