3 0.302888865625 0.5362937984375 0.30013054375000003 0.5221645578125 0.293439209375 0.5323522359374999 0.287196459375 0.6090626609375 0.28969084375 0.614429334375 0.29692987656250003 0.6095173859374999 0.302888865625 0.5362937984375
3 0.2396049578125 0.6295898875 0.24544500937499997 0.6298627234375 0.24907443593749998 0.6212820531250001 0.255317184375 0.5445716296875001 0.2536542625 0.54099384375 0.25087611875000004 0.5391140109375 0.247530453125 0.54420785 0.244448721875 0.558064253125 0.23711057656249998 0.6242232171875 0.2396049578125 0.6295898875
3 0.1564254609375 0.6432043828125 0.16171781093749998 0.6382014890625001 0.1656904703125 0.5893857671875 0.1679209171875 0.5859898718750001 0.171893575 0.537174146875 0.16913525000000001 0.5230449078125 0.1627276796875 0.529745746875 0.15932254375 0.5715877953125 0.157092096875 0.5749836890625 0.15198439375 0.6377467640625001 0.1564254609375 0.6432043828125
3 0.2062275859375 0.6315306625 0.20957325 0.6264368234375 0.20791032812500002 0.6228590390625001 0.21070829687499998 0.6124894734375 0.218369853125 0.5183448625 0.216990690625 0.511280240625 0.20058576718749999 0.50876379375 0.19472589375 0.5207403609375 0.1862130546875 0.62534548125 0.1884236734375 0.63419899375 0.2062275859375 0.6315306625
3 0.26635670624999996 0.7690934015625001 0.2668845828125 0.7866185296875 0.258206921875 0.82121406875 0.2565043546875 0.84213509375 0.2600743109375 0.870302628125 0.2597509046875 0.898288271875 0.2636244453125 0.9107195656249999 0.279197909375 0.9114471265624999 0.2825435796875 0.9063532890625 0.29487049375 0.8509276703124999 0.297140584375 0.8230329734374999 0.29417779374999997 0.763392959375 0.2995296125 0.7216418546875001 0.2973388140625 0.700538940625 0.27898720625 0.697931540625 0.26895020468749997 0.7132130578125 0.2719922875 0.7238554578125 0.2722364046875 0.7448674265624999 0.26635670624999996 0.7690934015625001
3 0.22413684687500002 0.735620121875 0.21939219687499997 0.7458987484375 0.21266121718750003 0.78058523125 0.20925607968749999 0.8224272796875001 0.20451143125 0.8327059 0.206339175 0.90629326875 0.21049648125 0.9152377265625 0.224123259375 0.9158743421875 0.229699371875 0.907384609375 0.24316133125 0.8380116421875 0.2414984125 0.8344338578125001 0.247985275 0.778735403125 0.24664576093749999 0.74717198125 0.252037225 0.680922065625 0.2428713328125 0.6734936671875 0.2400931875 0.671613828125 0.236747521875 0.6767076703125 0.232246984375 0.7079982578124999 0.22527189218750002 0.7216727734374999 0.22413684687500002 0.735620121875
3 0.16679210625000002 0.7679420343750001 0.160648471875 0.7834054390625 0.1593287796875 0.7395926078125 0.1607475875 0.7221584234375 0.1677226828125 0.708483909375 0.166911046875 0.6944456156250001 0.16080705625 0.6854102109375 0.14328691093749998 0.6845917046875 0.13994124218749998 0.689685540625 0.1365361046875 0.7315275906250001 0.11747821562500001 0.8216396906250001 0.11735927500000001 0.895136115625 0.12094905781250001 0.91105425 0.1404158875 0.9119637 0.1462757578125 0.899987128125 0.1510402359375 0.8774591015625001 0.15519753593750002 0.8864035609375 0.1551578921875 0.9109023687500001 0.159315196875 0.9198468203125 0.1709952953125 0.9203924921875 0.17880184999999998 0.908506871875 0.185816590625 0.8703335531249999 0.1953058921875 0.8497763078125 0.20734904375 0.797837525 0.207712096875 0.745353078125 0.20300709687500001 0.7311328921875 0.2088867875 0.7069069171875 0.20864267500000003 0.685894946875 0.1902910671875 0.6832875484375001 0.1869453984375 0.6883813921875 0.186905753125 0.7128801953125 0.16853431875 0.7225222046875001 0.16679210625000002 0.7679420343750001
3 0.460371965625 0.6661543937500001 0.46227900312500003 0.6907441421875 0.45031514218749996 0.6936853109375 0.43879986562499995 0.763149225 0.42764764531250005 0.7801286828125 0.41499732187499994 0.8635399453125 0.4244271546875 0.8797309140625 0.44778735156250005 0.8808222562499999 0.46986750468749994 0.8136019609374999 0.494560978125 0.678251915625 0.510497496875 0.626495028125 0.5111443109375 0.5705237390625 0.5531534640625 0.39048142656249996 0.5562748390625 0.35212621093749996 0.547920584375 0.35873610624999996 0.53758 0.38975386562500003 0.488595753125 0.58347069375 0.472982640625 0.6072419359375 0.460371965625 0.6661543937500001
3 0.5379951765625 0.6487802296875 0.519221040625 0.7354054921875 0.5051122703125001 0.8607497468749999 0.5142583390625 0.88042755 0.539848978125 0.878123003125 0.5546702781249999 0.8280640578125 0.579482690625 0.61921759375 0.574249809375 0.5874722796875 0.6016557203125 0.32274547187499997 0.5955319125 0.3259594703125 0.586854246875 0.36055500937499996 0.5589997515625 0.5587590734375001 0.5419678343750001 0.59996450625 0.5379951765625 0.6487802296875
3 0.6257471531250001 0.9031365593749999 0.6432672984375001 0.9039550640625 0.6619423171875 0.8785768203125001 0.666561790625 0.7737898078125001 0.6651367484375 0.6232191796875 0.6546313390625 0.5842273546875 0.6601751499999999 0.251977403125 0.654658509375 0.22371892187500003 0.6440341625 0.2582235140625 0.6371111921875 0.5834088484375 0.6253121546875 0.656359596875 0.6158290921875 0.8449216515625 0.6257471531250001 0.9031365593749999
3 0.9038464265625 0.5713695265625 0.87867095625 0.83270044375 0.893089553125 0.8596247578125 0.9345374234375001 0.8545609296875 0.9474120375 0.804411040625 0.9694661265625 0.5814353359375 0.9617586890625001 0.532073940625 0.9710831656250001 0.44150711249999997 0.9649990015625001 0.4202223078125 0.9928472609375 0.054013437500000004 0.9797483515625001 0.0709019515625 0.9430576109375 0.4016967828125 0.9257419296875 0.44638904999999995 0.9214458656250001 0.5231904187499999 0.9038464265625 0.5713695265625
3 0.7527833703125 0.7708177203125001 0.751892440625 0.8057770390625001 0.764648115625 0.8291235734375 0.8035817796875 0.8309424765625 0.8167005062499999 0.801804553125 0.8671432078124999 0.566154734375 0.86726214375 0.492658309375 0.8804006984375 0.4512709859375 0.881898796875 0.3848391875 0.9359907484375001 0.12835928593749998 0.9441801812499999 0.051739807812500004 0.9361096874999999 0.0548628625 0.917375203125 0.1169893203125 0.8283284828124999 0.49083940468750004 0.79986058125 0.5525111390624999 0.7527833703125 0.7708177203125001