3 0.2949218734375 0.3609793515625 0.2949218734375 0.43770926250000003 0.30078125 0.448172434375 0.3046875 0.43422154218750003 0.3046875 0.3609793515625 0.2978515640625 0.3557477671875 0.2949218734375 0.3609793515625
3 0.2490234359375 0.3383091546875 0.24609375 0.3435407375 0.2480468734375 0.40980747656250005 0.25 0.42375836875 0.2529296859375 0.428989953125 0.2558593734375 0.4272460953125 0.2578125 0.42375836875 0.2578125 0.34702845781249997 0.2548828140625 0.3383091546875 0.2490234359375 0.3383091546875
3 0.171875 0.32610211875 0.1669921859375 0.32087053593750003 0.1621093734375 0.32610211875 0.1621093734375 0.3888811375 0.1640625 0.3923688625 0.1640625 0.43422154218750003 0.1699218734375 0.44119698749999997 0.1738281265625 0.4272460953125 0.1738281265625 0.3784179703125 0.171875 0.37493024375 0.171875 0.32610211875
3 0.21875 0.3400530125 0.2158203140625 0.33482142812500004 0.1982421859375 0.331333703125 0.1953125 0.3400530125 0.1953125 0.44468470781249997 0.2001953140625 0.4568917375 0.2167968734375 0.45514788125 0.21875 0.448172434375 0.21875 0.3540039046875 0.2167968734375 0.3435407375 0.21875 0.3400530125
3 0.3222656265625 0.12032645312500001 0.3144531265625 0.06452288125 0.3115234359375 0.059291296874999996 0.2958984359375 0.059291296874999996 0.2910156265625 0.071498328125 0.2890625 0.0994001125 0.2832031265625 0.1273018984375 0.2832031265625 0.1482282375 0.2890625 0.1831054703125 0.2871093734375 0.20054408281249997 0.2910156265625 0.2249581484375 0.2890625 0.2458844875 0.28515625 0.2563476546875 0.2939453140625 0.27204241093750003 0.3125 0.270298546875 0.31640625 0.24937220781249997 0.3144531265625 0.2075195296875 0.3222656265625 0.1482282375 0.3222656265625 0.12032645312500001
3 0.2675781265625 0.1342773453125 0.26953125 0.13078961875 0.26171875 0.0610351546875 0.2568359359375 0.0523158453125 0.2431640640625 0.0523158453125 0.23828125 0.0610351546875 0.23046875 0.1342773453125 0.234375 0.1447405125 0.234375 0.186593190625 0.23828125 0.22147042187500002 0.2421875 0.2319335953125 0.2421875 0.2458844875 0.2480468734375 0.25983538125 0.25 0.2912248875 0.2529296859375 0.2964564765625 0.2558593734375 0.2947126125 0.265625 0.28773716718750003 0.265625 0.22147042187500002 0.26953125 0.1900809171875 0.2675781265625 0.1342773453125
3 0.23046875 0.169154578125 0.22265625 0.11683872656250001 0.21484375 0.0959123875 0.2109375 0.057547434375 0.2041015640625 0.0453404046875 0.1923828140625 0.0453404046875 0.1875 0.0540597078125 0.1855468734375 0.0784737734375 0.1806640640625 0.0871930828125 0.1777343734375 0.06452288125 0.1728515640625 0.0523158453125 0.1533203140625 0.0523158453125 0.1484375 0.0680106015625 0.1425781265625 0.1412527921875 0.1542968734375 0.2319335953125 0.1542968734375 0.2737862734375 0.1572265640625 0.2790178578125 0.1748046859375 0.2790178578125 0.1816406265625 0.270298546875 0.18359375 0.2563476546875 0.1777343734375 0.2423967625 0.1777343734375 0.2249581484375 0.1826171859375 0.1813616078125 0.1875 0.1970563625 0.1855468734375 0.2423967625 0.203125 0.252859934375 0.2011718734375 0.27727399375 0.2041015640625 0.2825055828125 0.22265625 0.2807617203125 0.2246093734375 0.25983538125 0.2207031265625 0.23542131562500002 0.2265625 0.22147042187500002 0.23046875 0.169154578125
3 0.5078125 0.301688059375 0.4941406265625 0.1656668515625 0.4775390640625 0.09765625 0.4541015640625 0.09765625 0.4433593734375 0.11335100625000001 0.44921875 0.1970563625 0.4589843734375 0.2144949765625 0.46484375 0.284249440625 0.4765625 0.28773716718750003 0.47265625 0.3121512265625 0.48046875 0.3714425234375 0.4941406265625 0.39585658281249997 0.52734375 0.5911690828125 0.53515625 0.6225585953125 0.54296875 0.6295340421875 0.54296875 0.5911690828125 0.515625 0.40980747656250005 0.51953125 0.3540039046875 0.5078125 0.301688059375
3 0.5693359359375 0.104631696875 0.5439453140625 0.1011439765625 0.5332031265625 0.12032645312500001 0.5371093734375 0.2458844875 0.5488281265625 0.333077565625 0.5488281265625 0.381905690625 0.5625 0.42375836875 0.57421875 0.6225585953125 0.5800781265625 0.657435828125 0.5859375 0.660923546875 0.5800781265625 0.39585658281249997 0.5878906265625 0.364467078125 0.5800781265625 0.155203684375 0.5693359359375 0.104631696875
3 0.6875 0.2144949765625 0.69140625 0.10986327968750001 0.6748046859375 0.0837053578125 0.6572265640625 0.0837053578125 0.6425781265625 0.1412527921875 0.63671875 0.3295898453125 0.6425781265625 0.4028320296875 0.6230468734375 0.7271902921875 0.6308593734375 0.7620675234375 0.6386718734375 0.7341657374999999 0.66015625 0.4028320296875 0.6738281265625 0.364467078125 0.6875 0.2144949765625
3 0.9746093734375 0.42027064843749995 0.9707031265625 0.1970563625 0.9619140640625 0.146484375 0.9208984359375 0.139508928125 0.9042968734375 0.1656668515625 0.9082031265625 0.4272460953125 0.921875 0.4760742203125 0.9199218734375 0.55280413125 0.93359375 0.5981445296875 0.9433593734375 0.9294782375 0.9550781265625 0.9469168515625 0.95703125 0.5807059171875 0.96484375 0.559779578125 0.9628906265625 0.46909877343749995 0.9746093734375 0.42027064843749995
3 0.8652343734375 0.50397600625 0.87109375 0.430733815625 0.83984375 0.1935686375 0.8291015640625 0.1639229875 0.7900390640625 0.1639229875 0.7753906265625 0.186593190625 0.7734375 0.22147042187500002 0.8027343734375 0.44119698749999997 0.8261718734375 0.50397600625 0.8847656265625 0.8806501125 0.8984375 0.9434291312499999 0.90625 0.9469168515625 0.9042968734375 0.8701869406249999 0.87109375 0.612095421875 0.875 0.545828684375 0.8652343734375 0.50397600625