1 0.41834267187499996 0.8832963046875 0.41298173125000004 0.912816584375 0.42667934531249996 0.9494502031250001 0.45594316875 0.9758659703125 0.5487839328125 0.9693796734375001 0.5537207796875 0.945043678125 0.546119846875 0.9299188203125001 0.5140994078125 0.937200903125 0.49976564999999995 0.9083437109375 0.4958948203125 0.66755174375 0.45296614999999996 0.4960603703125 0.4669497140625 0.829313471875 0.4634245828125 0.9204242671875 0.45781175625000003 0.9290145046875 0.4428617734375 0.9196948328125 0.41834267187499996 0.8832963046875
1 0.5879015296875 0.93536235625 0.4918916203125 0.4763962890625 0.467008184375 0.4804653296875 0.45275410312500003 0.4986525125 0.5591016421874999 0.9272844906250001 0.5604536062500001 0.9587760109374999 0.5377364015625 0.988432440625 0.599984665625 0.9869835953124999 0.611764571875 0.9677762187500001 0.643553040625 0.9513251828125 0.6424529640625 0.9407637078125 0.6279071593750001 0.9144986609375 0.5982989203125 0.94031155 0.5879015296875 0.93536235625
1 0.2547082859375 0.87885334375 0.2741511046875 0.8572602093749999 0.283136771875 0.7954346015625 0.2770600078125 0.7856869359374999 0.2632101015625 0.786928740625 0.2565370359375 0.8084796859375001 0.23707430000000002 0.8183117234375 0.0282202796875 0.6925752843749999 0.0301945171875 0.7410265109374999 0.2330055609375 0.8440402468749999 0.214046596875 0.8957323734375 0.223171703125 0.9162344234375001 0.23854578124999998 0.9203698078125001 0.2461068765625 0.9119724781249999 0.2547082859375 0.87885334375
1 0.25605318125 0.7783806890625 0.27379961875 0.777524696875 0.2912742484375 0.7439775656250001 0.2839052828125 0.73802165625 0.2536011421875 0.7363276937500001 0.2162197609375 0.7731300578125 0.21841991562500002 0.7942530062500001 0.234450053125 0.8023730609375 0.25605318125 0.7783806890625
1 0.0467592171875 0.39573805 0.0560764484375 0.4018868609375 0.0567524265625 0.417632621875 0.21714056093749998 0.677841690625 0.2261859875 0.6512993640625 0.1662267 0.5199319328125 0.059641415625000006 0.334298253125 0.0324055359375 0.3551197671875 0.048435675 0.3632398171875 0.059005273437500005 0.3420746828125 0.057560779687499994 0.3837418640625 0.0467592171875 0.39573805
1 0.567795584375 0.8210066515625 0.6238512703125 0.8200241015625 0.7032263828125 0.7860731328125 0.7023383546875 0.772919515625 0.63416898125 0.77792891875 0.53244664375 0.2687476203125 0.499134003125 0.2798214609375 0.49720565624999996 0.291389653125 0.6121019203125 0.7835833875 0.56841180625 0.80146913125 0.567795584375 0.8210066515625
1 1 0.0720772734375 0.9641403875 0.46566645781249993 0.94680519375 0.5815412453125 0.89377793125 0.5815170859375 0.9044072875 0.595635228125 0.9057791703125 0.6388878453125 0.9339030765624999 0.63121995 0.9618547765625 0.649666384375 1 0.6344079984375 1 0.5948802468750001 0.979925709375 0.5848206390625 0.9969691765625001 0.42449361874999997 1 0.4080075953125 1 0.0720772734375
1 0.775073171875 0.65207750625 0.7968883484375 0.625492996875 0.8351776781250001 0.6136053453125 0.8375301187499999 0.5968528734375 0.8292532015624999 0.5659822546875 0.7758217640625 0.5829034703125 0.7625810093750001 0.4326435828125 0.7392815046875 0.4773730921875 0.7509184046875 0.575211415625 0.7395205375 0.6185062171875 0.75211808125 0.6445783609375 0.775073171875 0.65207750625
1 0.751620090625 0.35055101875 0.753104421875 0.332406021875 0.717809459375 0.0675975234375 0.6849209109375 0.07348708125 0.6756634390625 0.1026215484375 0.7220317703125 0.388125003125 0.737134040625 0.35956924843750004 0.751620090625 0.35055101875
1 0.807662925 0.46977154531250004 0.80472703125 0.397619553125 0.7828321765624999 0.3771596921875 0.7647413249999999 0.4302443453125 0.7668091078125 0.5010038125 0.8432354765625 0.515103934375 0.8492325640624999 0.477807225 0.807662925 0.46977154531250004
1 0.8387612750000001 0.17364640625 0.8188346078125001 0.16514054218750002 0.8186026406250001 0.1559715921875 0.8406697015625 0.1503171234375 0.8569048203125 0.0238808625 0.8120947109375001 0.0194440375 0.7903463640624999 0.213276003125 0.7957869875 0.2308001 0.8310478937499999 0.21991916093750002 0.8387612750000001 0.17364640625