1 0.14641085468749998 0.4625853328125 0.0957956703125 0.4760785515625 0.09969758281249999 0.48344046562500004 0.11786995 0.4813966953125 0.15759812812500001 0.6331664015625 0.16625501874999998 0.6847921015625 0.18046786406249998 0.6918859015625001 0.2011185296875 0.6830999359375001 0.1633269078125 0.5391360578125 0.1497998265625 0.47624553125 0.152762265625 0.4714547890625 0.1508257109375 0.46364896250000004 0.14641085468749998 0.4625853328125
1 0.1936066078125 0.56512335625 0.22821406406250003 0.72326809375 0.20687125 0.7234946875 0.2101717421875 0.7577791406250001 0.2741761125 0.763995934375 0.26666935468749997 0.71975058125 0.2483266453125 0.7227451078125 0.20975063437500002 0.5649224875 0.1936066078125 0.56512335625
1 0.20261001250000002 0.49417841874999996 0.20446663593749997 0.5109869015624999 0.22103946875 0.505520825 0.2703455484375 0.685613090625 0.2904661515625 0.6827912515625 0.2408822296875 0.5039102625 0.26143967031250004 0.493524359375 0.2562970671875 0.4774580765625 0.20261001250000002 0.49417841874999996
1 0.2840929859375 0.4706055765625 0.3222000578125 0.6451876953125 0.30509561406249996 0.64617975625 0.310769825 0.6667200515625 0.36128173124999996 0.6581822765625 0.3614808546875 0.6403352015625 0.3419159375 0.6407344859374999 0.30037995 0.4686496375 0.2840929859375 0.4706055765625
1 0.374629390625 0.5184932796874999 0.3600882203125 0.5298173390625001 0.39806192500000004 0.6642312968749999 0.3765601203125 0.670810675 0.3846546734375 0.7034380359375 0.38917088906249997 0.7029922265625 0.4435324890625 0.6889908328125001 0.43570775624999997 0.6574510484375 0.4118803890625 0.6639814359375 0.374629390625 0.5184932796874999
1 0.406745484375 0.4497932953125 0.36663115625 0.45827962187500004 0.36478904375 0.47649779687500005 0.40463355468750006 0.46692388906250004 0.44028818125 0.6386143734374999 0.4635357796875 0.6414031140625001 0.419952075 0.468058 0.45402605625000003 0.4655300890625 0.44901836250000005 0.4500075953125 0.406745484375 0.4497932953125
1 0.509473746875 0.689027528125 0.4607073046875 0.5111104203125 0.4392135265625 0.515390940625 0.48851960468750005 0.69548320625 0.46361296406249997 0.6976632796875 0.46997777812499997 0.7163248078125 0.4710731015625 0.7160774062499999 0.5091236640625 0.710928528125 0.53474498125 0.6999731109375 0.5367219999999999 0.6822987265625 0.509473746875 0.689027528125
1 0.29153585937500004 0.7290647953125 0.33909614375 0.8997889406249999 0.3144432703125 0.907654309375 0.31802963281249996 0.9384286265625 0.397980446875 0.9226672499999999 0.396544603125 0.9028924187499999 0.36724863124999996 0.9083609546875 0.3139820296875 0.7262919421875 0.29153585937500004 0.7290647953125
1 0.3684399484375 0.6847042562500001 0.3448904265625 0.6900233671875 0.39478430000000003 0.8584976421875 0.3745127296875 0.8653734109375 0.377051925 0.8826019828125 0.378964734375 0.883318459375 0.4249604234375 0.8752264953125 0.42586619687500005 0.8509029390625 0.41435724062499996 0.855799503125 0.3684399484375 0.6847042562500001
1 0.438346675 0.7636675859375 0.47397722187499997 0.9422546421875 0.448331825 0.9601066312500001 0.447854859375 0.97916498125 0.5215115609375001 0.963676728125 0.5306242546875 0.939796525 0.49776445625 0.9472185390625001 0.46012632499999995 0.755876928125 0.438346675 0.7636675859375
1 0.5425616875 0.733811753125 0.5706212671875 0.8865443187500001 0.5500397484375 0.9038267937500001 0.5539280375 0.9264932625 0.6244577437500001 0.9053944265625 0.63188731875 0.8933796109375001 0.5942414874999999 0.9001598609375 0.5656904296875 0.731458990625 0.5425616875 0.733811753125
1 0.69681966875 0.712177640625 0.6766990625 0.71499948125 0.72029079375 0.886045740625 0.6816765203124999 0.8959160359375 0.68950928125 0.9251569640625 0.780016659375 0.9029913546874999 0.7747230953125 0.8909789984375 0.7597064984374999 0.8817370390624999 0.7338474671874999 0.88240944375 0.69681966875 0.712177640625
1 0.772475928125 0.7117428015625 0.8048766796875 0.8749800531249999 0.7835097859375 0.8821032203125 0.78887405 0.9130502281249999 0.8515453781250001 0.9092314109374999 0.8467448296875 0.8735629859375 0.8278624859375 0.874382359375 0.8016289656250001 0.708029334375 0.772475928125 0.7117428015625
1 0.6109501140625 0.46396719375 0.656422546875 0.6449253625 0.607958359375 0.6547234046875 0.6072436828125001 0.6634987484375 0.720434940625 0.648843296875 0.7198005265625 0.6346300609375 0.6751780109375 0.6412633421875 0.63517418125 0.4613670296875 0.6109501140625 0.46396719375
1 0.5234524109375001 0.446977509375 0.5709805890624999 0.6268970859375 0.5133490593750001 0.637042965625 0.5128961734375 0.6492047453125 0.6476133171875 0.6210733421875 0.6539475625 0.6093059265625 0.591379040625 0.622863965625 0.54823216875 0.4419547875 0.5234524109375001 0.446977509375
1 0.6319057953125 0.4178871453125 0.63811161875 0.44290145625 0.659605396875 0.438620934375 0.6916736593749999 0.5795371015625 0.7133183984375 0.5712026546875 0.675058825 0.4402988328125 0.6944968578124999 0.43705690468749997 0.6909104953125 0.40628258749999996 0.6319057953125 0.4178871453125
1 0.7611771984375 0.6172446875 0.7335384015625 0.4615457765625 0.726148959375 0.46206629843749997 0.696416153125 0.47509889687499995 0.72295621875 0.5144709515625 0.7483111234375001 0.619002215625 0.733516190625 0.624640978125 0.7382540640624999 0.6390758937500001 0.7685024296875 0.6351150265625 0.7840441484375 0.611505490625 0.7854574515625 0.59855251875 0.7736706515625 0.6046603625 0.7611771984375 0.6172446875
1 0.6918162671875 0.3819590296875 0.6942366078125 0.3940460953125 0.7233896421875 0.3903326296875 0.7687351953125 0.56844815 0.789808190625 0.567133975 0.7436612125 0.3834568640625 0.7758384375 0.375614759375 0.770132115625 0.3642698921875 0.6918162671875 0.3819590296875
1 0.83306838125 0.6824289515624999 0.8722623609375001 0.83779693125 0.8551987640625001 0.8474470953125 0.8595232625 0.883178478125 0.91383720625 0.8825026828125001 0.9121747046875001 0.8313579734375001 0.8848304359375 0.8413982171875001 0.848734334375 0.677602490625 0.83306838125 0.6824289515624999
1 0.853409878125 0.6127901609374999 0.8939744984375 0.7710685671874999 0.8776763687500001 0.781189840625 0.8796161781249999 0.7968517640624999 0.9325774859375 0.7881094531249999 0.930192796875 0.7680399921875 0.910236621875 0.771259471875 0.872297996875 0.6078799140625 0.853409878125 0.6127901609374999
1 1 0.8355697765625001 0.9882513421875 0.8373587046875001 0.95422834375 0.6949908203125 0.9397997406249999 0.696961790625 0.9710724562499999 0.8360868640625 0.9535549796874999 0.8439075375 0.959731003125 0.8766447062499999 1 0.8757717453125 1 0.8355697765625001
1 0.80437283125 0.4203612625 0.841092109375 0.581440221875 0.804392928125 0.5903734375 0.8051043906249999 0.6063128078125 0.9004257375 0.593154690625 0.9032750359374999 0.56803901875 0.8630421 0.578414403125 0.8309246312499999 0.41758404374999997 0.80437283125 0.4203612625