1 0.76292101875 0.017182534375 0.759203575 0.0369538390625 0.74798899375 0.0393348703125 0.735291584375 0.053419948437499996 0.74427155 0.059106175000000004 0.762962521875 0.0551377890625 0.7726942765625 0.06446080781249999 0.7839711125 0.1190126625 0.78023291875 0.1198063390625 0.7839918640625 0.1379902921875 0.7802536703125 0.13878396875000001 0.7847644046875 0.160604709375 0.7810262109375 0.1613983875 0.7930755859375 0.2385646609375 0.7893373921875 0.2393583375 0.801324515625 0.259591725 0.8200154875000001 0.25562334062500003 0.8259882984375 0.24676240625 0.822960390625 0.21323761718749998 0.8266985859375 0.2124439390625 0.819932484375 0.1797128265625 0.8236706781249999 0.17891915 0.8093659343749999 0.0908425046875 0.8131041281250001 0.09004882812500001 0.8093451828125 0.071864875 0.8235461718750001 0.065053378125 0.8295189828125 0.05619244375 0.8302292687499999 0.0218739765625 0.821249303125 0.0161877484375 0.805544734375 0.0157256671875 0.804792946875 0.0120888765625 0.78984016875 0.015263584375 0.7890883796875 0.01162679375 0.76292101875 0.017182534375
1 0.675501225 0.0850964078125 0.6807637484375 0.11055394062499999 0.6845019421874999 0.10976026406249999 0.7206085703125 0.303303828125 0.7430377359375 0.298541765625 0.7452723531250001 0.29047450937499997 0.709186475 0.115908571875 0.7129246703125001 0.1151148953125 0.7068896078125 0.06704294375 0.7323051765625 0.057850415625 0.7240562484375 0.03682335 0.6642451406250001 0.049522181250000005 0.637346740625 0.0704187578125 0.6396021078125 0.0813291296875 0.6530720578125 0.08985847031250001 0.675501225 0.0850964078125
1 0.5222145046875 0.098659534375 0.5252216609375 0.113206696875 0.5289598546875001 0.11241301875000001 0.5590314171874999 0.2578846328125 0.555293225 0.25867830937499997 0.559803959375 0.2804990515625 0.5642939421875 0.2833421640625 0.590461303125 0.27778642656249997 0.588957725 0.270512846875 0.5926959187499999 0.26971916875 0.5806880453125001 0.23050815156249999 0.57694985 0.23130182812500003 0.548381865625 0.093103796875 0.5745492265625 0.08754805624999999 0.57152131875 0.0540232671875 0.5677831249999999 0.0548169453125 0.5662795468749999 0.047543362500000005 0.5617895609375 0.044700250000000004 0.49748847031250004 0.054555968749999996 0.48777746562499996 0.0642105796875 0.4960471453125 0.10421527343749999 0.5222145046875 0.098659534375
1 0.414558659375 0.12531295625 0.45365168906250003 0.314426053125 0.47981904999999997 0.308870315625 0.43698782343750003 0.1205508953125 0.4668933796875 0.114201478125 0.47660438281250006 0.10454686875000001 0.46833470312500003 0.06454217343749999 0.3674034578125 0.0859714515625 0.3621824359375 0.09846917656250001 0.3719349421875 0.12676982187500002 0.3906259140625 0.12280143750000001 0.391377703125 0.126438228125 0.414558659375 0.12531295625
1 0.2597891125 0.15058013125 0.2966267765625 0.32878285625000003 0.293640371875 0.333213325 0.297378565625 0.3324196484375 0.29888214375 0.33969322812499997 0.3287876984375 0.3333438125 0.282970065625 0.1494548609375 0.31137204218750003 0.1358318640625 0.3061095203125 0.1103743328125 0.3016195359375 0.1075312171875 0.2193792609375 0.12499210937500001 0.21639285625000002 0.129422578125 0.220903590625 0.1512433203125 0.22539357343750002 0.154086434375 0.2597891125 0.15058013125
3 0.24880279062500002 0.3617150765625 0.2555688921875 0.3944461890625 0.2634419265625 0.41365485937499996 0.26759751718749997 0.45263483437499996 0.2638593234375 0.45342851093750003 0.266114690625 0.4643388828125 0.27359107968749996 0.4627515296875 0.2743428671875 0.46638831875 0.28106746718750003 0.46116417500000007 0.2788121 0.450253803125 0.28255029375 0.44946012656249995 0.281046715625 0.44218654687500003 0.284784909375 0.4413928703125 0.2675767671875 0.4336572078125 0.28401237031250004 0.41877845 0.28399161875 0.39980082031249997 0.2593070859375 0.3936525125 0.27797730625 0.37070649843750003 0.2817155 0.36991282187499996 0.270438665625 0.3153609671875 0.2622104875 0.31331153125 0.261458696875 0.3096747390625 0.246505921875 0.3128494484375 0.247257709375 0.3164862390625 0.243519515625 0.3172799171875 0.25254098593749996 0.36092139843750004 0.24880279062500002 0.3617150765625
3 0.23614688125 0.41375541250000003 0.23990582656249998 0.4319393640625 0.243644021875 0.4311456859375 0.24890654375 0.45660321875000004 0.259390090625 0.46956302812499995 0.266114690625 0.4643388828125 0.2526447390625 0.45580954218749997 0.2578657609375 0.4433118171875 0.26160395625 0.442518140625 0.2541068140625 0.4251278671875 0.2503686203125 0.42592154375 0.24811325312500002 0.4150111734375 0.24437505937499998 0.41580484999999995 0.2436232703125 0.4121680578125 0.23614688125 0.41375541250000003
3 0.21735215624999998 0.32283565468750003 0.216600365625 0.3191988625 0.20164758906250002 0.3223735703125 0.1994129734375 0.3304408296875 0.1956747765625 0.33123450781249997 0.19793014375 0.342144878125 0.201668340625 0.34135119999999997 0.2031719171875 0.34862478124999996 0.2069101125 0.347831103125 0.21142084687499998 0.3696518453125 0.215159040625 0.36885816718750003 0.21966977499999998 0.3906789109375 0.22340796875 0.3898852328125 0.2249115484375 0.397158815625 0.24360251875 0.3931904296875 0.2428507296875 0.38955364062500003 0.24658892500000001 0.3887599625 0.24583713437500002 0.385123171875 0.24209894062499998 0.3859168484375 0.2368364171875 0.3604593171875 0.2330982234375 0.36125299375000003 0.2285874890625 0.3394322515625 0.22484929375 0.340225928125 0.22109034843750003 0.322041978125 0.21735215624999998 0.32283565468750003
3 0.2141418125 0.39602863125 0.1796282375 0.32765070937499996 0.156418521875 0.33666704687500004 0.1584942109375 0.3507565015625 0.1927408421875 0.40315424375 0.24373770625 0.468203046875 0.2141418125 0.39602863125
3 0.1449105125 0.3423921921875 0.1268871421875 0.340593921875 0.11827458125000001 0.3540727265625 0.1603396984375 0.408646934375 0.214726121875 0.4701020859375 0.1935672390625 0.4213246265625 0.1449105125 0.3423921921875
3 0.11359523593750001 0.358911571875 0.09930307968749999 0.347533021875 0.086748446875 0.3626258640625 0.1304036953125 0.4173414578125 0.19304435312499998 0.47288288749999996 0.16212415468750002 0.42728569375000003 0.11359523593750001 0.358911571875