1 0.5615234375 0.0625 0.5703125 0.0481770828125 0.5673828125 0.023437498437500003 0.4755859375 0.007812501562500001 0.4443359375 0.03125 0.4277343765625 0.06640625 0.4306640625 0.096354165625 0.4580078125 0.0625 0.4736328125 0.0546874984375 0.4785156234375 0.06380208281250001 0.4746093765625 0.1549479171875 0.43359375 0.4856770828125 0.4902343765625 0.319010415625 0.5136718765625 0.07942708281250001 0.5302734375 0.05208333281250001 0.5615234375 0.0625
1 0.6582031234375 0.06119791718749999 0.66015625 0.05078125 0.6298828125 0.03125 0.6142578125 0 0.5566406234375 0.0013020828125 0.578125 0.03515625 0.57421875 0.06640625 0.43359375 0.4830729171875 0.4462890625 0.502604165625 0.4707031234375 0.509114584375 0.6035156234375 0.06119791718749999 0.6142578125 0.05729166718749999 0.6416015625 0.08593749843750001 0.6582031234375 0.06119791718749999
1 0.2822265625 0.1796874984375 0.2890625 0.1705729171875 0.28515625 0.1080729171875 0.2675781234375 0.084635415625 0.26171875 0.05078125 0.2548828125 0.0416666671875 0.2392578125 0.044270831249999996 0.2285156234375 0.06380208281250001 0.2431640625 0.11718749843750001 0.0048828125 0.2109374984375 0.00390625 0.259114584375 0.2451171875 0.14322916875 0.2636718765625 0.1549479171875 0.2685546875 0.1770833328125 0.2822265625 0.1796874984375
1 0.2412109375 0.15885416562500002 0.2246093765625 0.16536458437499998 0.2207031234375 0.1861979171875 0.2548828125 0.2265625015625 0.28515625 0.227864584375 0.29296875 0.22265625 0.2783203125 0.1875 0.2607421875 0.18489583437499998 0.2412109375 0.15885416562500002
1 0.033203123437499996 0.524739584375 0.03125 0.540364584375 0.021484376562499997 0.5455729171875 0.03125 0.55859375 0.0292968765625 0.600260415625 0.0205078125 0.578125 0.00390625 0.584635415625 0.0292968765625 0.6080729171875 0.1503906234375 0.43359375 0.2207031234375 0.30859375 0.2138671875 0.28125 0.033203123437499996 0.524739584375
1 0.6298828125 0.1796874984375 0.57421875 0.1731770828125 0.5732421875 0.1927083328125 0.6152343765625 0.21484375 0.4609375 0.694010415625 0.4619140625 0.70572916875 0.4941406234375 0.7200520828125 0.63671875 0.22265625 0.7041015625 0.234375 0.7060546875 0.221354165625 0.6298828125 0.1796874984375
1 0.9951171875 0.4375 1 0.4075520828125 0.9521484375 0.3828125015625 0.9228515625 0.3984374984375 0.8955078125 0.38802083125000003 0.890625 0.43098958437499996 0.87890625 0.44401041562500004 0.9316406234375 0.44921875 0.9394531234375 0.56640625 0.9433593765625 0.990885415625 0.9921875 0.99609375 0.98828125 0.805989584375 0.96875 0.6106770828125 0.96484375 0.44921875 0.9951171875 0.4375
1 0.8232421875 0.40625 0.7861328125 0.390625 0.7666015625 0.36197916874999997 0.7431640625 0.3671874984375 0.7285156234375 0.3919270828125 0.7363281234375 0.4361979171875 0.7167968765625 0.5325520828125 0.7363281234375 0.5794270828125 0.76171875 0.43098958437499996 0.8134765625 0.453125 0.82421875 0.4231770828125 0.8232421875 0.40625
1 0.6923828125 0.6197916671875 0.6230468765625 0.899739584375 0.6298828125 0.9296874984375 0.6621093765625 0.9388020828125001 0.71875 0.678385415625 0.71875 0.66015625 0.7050781234375 0.649739584375 0.6923828125 0.6197916671875
1 0.8232421875 0.5052083328125 0.74609375 0.51171875 0.73828125 0.58203125 0.7519531234375 0.63671875 0.7753906234375 0.618489584375 0.7841796875 0.546875 0.8261718765625 0.54296875 0.8232421875 0.5052083328125
1 0.7910156234375 0.8450520828125001 0.7871093765625 0.7981770828125 0.7529296875 0.783854165625 0.74609375 0.80078125 0.7519531234375 0.99609375 0.796875 0.99609375 0.7910156234375 0.868489584375 0.76953125 0.8606770828125001 0.7705078125 0.8515625015625 0.7910156234375 0.8450520828125001