1 0.4466091234375 0.893572925 0.445075921875 0.9236726484375 0.46329546875 0.9573759296875 0.49560261250000004 0.9782020812500001 0.5865746625 0.955150659375 0.588350190625 0.9302441968749999 0.578904109375 0.9166780890625 0.5481720671875 0.929608153125 0.5303160046875 0.90369476875 0.49575661093749995 0.6667122703125 0.4314220125 0.505137975 0.48778145625 0.8315718562500001 0.49592419843749996 0.9221360375 0.4914706578125 0.9316216781250001 0.4754988296875 0.9251035484375001 0.4466091234375 0.893572925
1 0.5768737984375 0.978096371875 0.6344901515625 0.97470504375 0.648644553125 0.9422736921875 0.6779770078125 0.9203349031249999 0.6755413156250001 0.9101073453125 0.657806415625 0.8867905953124999 0.63182459375 0.9175791390624999 0.6209121125 0.91455853125 0.467401371875 0.4787478375 0.443316240625 0.48722655625 0.431543175 0.5077346046875 0.5914041453125 0.9117498296875001 0.596760171875 0.9425914734375 0.5768737984375 0.978096371875
1 0.27355965000000004 0.9624095796875001 0.279964234375 0.9527649703125001 0.284242259375 0.9185318406249999 0.30071119375 0.8937314125 0.3017053984375 0.8310943 0.2944526828125 0.8225624890625 0.2809165421875 0.826271915625 0.2770688125 0.8487407156250001 0.259079128125 0.86193578125 0.012733621875 0.7660185625 0.015950634375 0.8139767734375001 0.258339703125 0.8880610765625001 0.24619069374999997 0.9424843140625001 0.2578301453125 0.9610847171874999 0.27355965000000004 0.9624095796875001
1 0.272748884375 0.8191179015625 0.2901871109375 0.8150905328125001 0.30318425000000004 0.7788437187499999 0.2951377546875 0.7742863375 0.26495716874999997 0.7780487015625 0.23269192031250002 0.8210784906249999 0.2375633046875 0.841533603125 0.254450071875 0.8466739343749999 0.272748884375 0.8191179015625
1 0 0.4421736453125 0.0144751765625 0.4465798828125 0.022224996875 0.4237931421875 0.0261146265625 0.46518028281249996 0.016965221875 0.47895829687499997 0.026962757812499998 0.4833567078125 0.0296407703125 0.49877752812500004 0.22144086875000002 0.72685781875 0.22699732031250003 0.6990367828124999 0.1509440109375 0.580121396875 0.0218615125 0.41600324375 0 0.438912396875 0 0.4421736453125
1 0.5864365140625 0.805287915625 0.6417383359375 0.794265665625 0.715890425 0.7465196859375001 0.7133335749999999 0.733695496875 0.64656781875 0.7508648359375 0.48099978906249996 0.2665129890625 0.4494739703125 0.28341748437500003 0.4490436765625 0.295181815625 0.62546983125 0.7604034125 0.5845522812499999 0.7858926609375 0.5864365140625 0.805287915625
1 0.9186391546875001 0 0.9329861359375 0.38346891250000004 0.930634240625 0.5009532390625 0.8781984046875 0.51043871875 0.8905104703125 0.5224680515625 0.897387246875 0.56491505625 0.9242172015625 0.5523029359375 0.9542098171875001 0.5654981609374999 0.996692075 0.5394869203125 0.9968174046874999 0.517944559375 0.9945883671875 0.507471528125 0.9638019718749999 0.498250734375 0.9601920312500001 0.3369416046875 0.9706153343749999 0.1406044875 0.9669551406249999 0 0.9186391546875001 0
1 0.7698300265625 0.6013734546875 0.7880076765624999 0.57122079375 0.8243505234375 0.5526205531249999 0.8245384937500001 0.5356629609375 0.8124143968749999 0.5066760312499999 0.7617416328125 0.5329601312500001 0.7294718546875 0.38701872812500004 0.7121423390625 0.43534781406249995 0.7361357500000001 0.529833490625 0.730391325 0.5746121203125 0.7461751875 0.59808784375 0.7698300265625 0.6013734546875
1 0.7081564546875 0.307953871875 0.7073083234374999 0.28977744843750003 0.63861190625 0.034724396875 0.6068437609374999 0.04643563125 0.601408471875 0.0768532953125 0.68369538125 0.35034777500000003 0.6949837999999999 0.3194531953125 0.7081564546875 0.307953871875
1 0.77878693125 0.415581840625 0.7666752875 0.344889828125 0.7424146406250001 0.3286210546875 0.7313017359375 0.3842631234375 0.7423772750000001 0.45373630625 0.8197463781250001 0.4539485359375 0.8209161 0.41605891406250006 0.77878693125 0.415581840625
1 0.7261865546874999 0 0.728928325 0.165510146875 0.7365445265624999 0.1818318578125 0.770021390625 0.1647683890625 0.7717425625 0.117711071875 0.750953709375 0.1128886828125 0.7495541218749999 0.10387995937500001 0.7706521078125 0.09434138125 0.7705902078125 0 0.7261865546874999 0