1 0.884 0.43251533750000004 0.8939999999999999 0.4846625765625 0.906 0.5766871171875 0.9 0.592024540625 0.8 0.5981595093750001 0.388 0.66871165625 0.244 0.6779141109375 0.22799999999999998 0.705521471875 0.23199999999999998 0.7822085890625 0.244 0.806748465625 0.264 0.806748465625 0.308 0.7852760734374999 0.504 0.760736196875 0.914 0.6779141109375 0.9179999999999999 0.8466257671875 0.9099999999999999 0.874233128125 0.924 0.8865030671874999 0.95 0.8865030671874999 0.962 0.8650306750000001 0.954 0.8435582828125 0.952 0.7883435578125 0.954 0.64110429375 0.9279999999999999 0.4815950921875 0.9339999999999999 0.3926380375 0.898 0.3865030671875 0.8800000000000001 0.3926380375 0.8720000000000001 0.41104294531249996 0.884 0.43251533750000004
1 0.244 0.361963190625 0.264 0.3865030671875 0.31 0.3895705515625 0.388 0.36503067499999997 0.632 0.3834355828125 0.726 0.41104294531249996 0.794 0.41717791406250004 0.8 0.4601227 0.786 0.4907975453125 0.788 0.50613496875 0.85 0.503067484375 0.836 0.46932515312499995 0.8480000000000001 0.43251533750000004 0.8480000000000001 0.35889570625 0.836 0.340490796875 0.842 0.300613496875 0.828 0.2791411046875 0.8 0.294478528125 0.806 0.3466257671875 0.796 0.374233128125 0.788 0.374233128125 0.298 0.273006134375 0.27 0.2791411046875 0.248 0.30368098125 0.244 0.361963190625
1 0.184 0.5429447859375001 0.08 0.5736196312499999 0.074 0.5460122703125 0.09 0.5245398765625 0.09 0.50613496875 0.048 0.503067484375 0.026000000000000002 0.5245398765625 0.044 0.5429447859375001 0.044 0.62883435625 0.057999999999999996 0.665644171875 0.062 0.7116564421875 0.08199999999999999 0.7177914109375 0.092 0.6993865031250001 0.08399999999999999 0.631901840625 0.096 0.6196319015625 0.35 0.56134969375 0.648 0.53374233125 0.678 0.4907975453125 0.6799999999999999 0.43865030625 0.6639999999999999 0.401840490625 0.646 0.3865030671875 0.604 0.3803680984375 0.472 0.46625766874999997 0.266 0.53374233125 0.184 0.5429447859375001
1 0.292 0.6779141109375 0.296 0.66871165625 0.26 0.5828220859375 0.238 0.5797546015624999 0.22999999999999998 0.5981595093750001 0.252 0.674846625 0.292 0.6779141109375
1 0.088 0.171779140625 0.06 0.2147239265625 0.052000000000000005 0.2453987734375 0.066 0.2515337421875 0.09 0.23312883437499998 0.10800000000000001 0.23619631874999997 0.21000000000000002 0.5368098156250001 0.238 0.5429447859375001 0.24 0.5276073625000001 0.202 0.429447853125 0.198 0.3865030671875 0.132 0.2177914109375 0.15 0.1901840484375 0.172 0.2024539875 0.18 0.19631901875 0.162 0.11349693281249999 0.13999999999999999 0.098159509375 0.13 0.1503067484375 0.11399999999999999 0.1503067484375 0.088 0.171779140625
1 0.41600000000000004 1 0.42800000000000005 0.9570552140625 0.418 0.8926380375 0.354 0.7791411046875 0.324 0.7791411046875 0.294 0.7883435578125 0.288 0.800613496875 0.346 0.9815950921875001 0.354 1 0.41600000000000004 1
1 0.314 0.5153374234375 0.348 0.5092024546875 0.314 0.3926380375 0.302 0.3865030671875 0.282 0.3895705515625 0.27999999999999997 0.401840490625 0.314 0.5153374234375
1 0.404 0.665644171875 0.40800000000000003 0.6533742328125001 0.374 0.564417178125 0.33999999999999997 0.56134969375 0.32999999999999996 0.5766871171875 0.354 0.671779140625 0.404 0.665644171875
1 0.22200000000000003 0.266871165625 0.23399999999999999 0.273006134375 0.244 0.306748465625 0.252 0.30981595156249997 0.27999999999999997 0.2822085890625 0.27599999999999997 0.2423312890625 0.282 0.2239263796875 0.316 0.193251534375 0.306 0.1779141109375 0.29 0.1779141109375 0.22999999999999998 0.19631901875 0.16599999999999998 0.2760736203125 0.22200000000000003 0.266871165625
1 0.42400000000000004 0.907975459375 0.442 0.935582821875 0.458 0.9417177921875 0.47800000000000004 0.9141104296875 0.476 0.87116564375 0.44800000000000006 0.766871165625 0.42400000000000004 0.76380368125 0.382 0.7699386500000001 0.382 0.7852760734374999 0.42400000000000004 0.907975459375
1 0.41 0.4846625765625 0.44800000000000006 0.47546012343750005 0.426 0.368098159375 0.40599999999999997 0.361963190625 0.4 0.36503067499999997 0.4 0.3926380375 0.41 0.4846625765625
1 0.47800000000000004 0.8496932515625 0.5 0.8435582828125 0.508 0.8190184046875 0.506 0.760736196875 0.458 0.760736196875 0.44800000000000006 0.773006134375 0.466 0.8343558281250001 0.47800000000000004 0.8496932515625
1 0.484 0.6441717796875001 0.46799999999999997 0.5521472390625 0.434 0.5490797546875 0.42000000000000004 0.5552147234375 0.43 0.6533742328125001 0.484 0.6441717796875001
1 0.352 0.1564417171875 0.382 0.2822085890625 0.41200000000000003 0.29141104218749997 0.398 0.14110429375 0.40800000000000003 0.1226993859375 0.446 0.10122699375 0.45 0.0858895703125 0.36 0.0797546015625 0.3 0.11656441718749999 0.296 0.13190184062500002 0.352 0.1564417171875
1 0.506 0.4478527609375 0.516 0.4478527609375 0.534 0.429447853125 0.532 0.3834355828125 0.508 0.37116564375 0.502 0.37730061406250004 0.504 0.429447853125 0.506 0.4478527609375
1 0.546 0.5429447859375001 0.508 0.5398773 0.506 0.6441717796875001 0.554 0.638036809375 0.546 0.5429447859375001
1 0.42800000000000005 0.193251534375 0.48200000000000004 0.2147239265625 0.492 0.23312883437499998 0.49800000000000005 0.306748465625 0.53 0.3190184046875 0.526 0.2208588953125 0.532 0.2024539875 0.572 0.1871165640625 0.58 0.165644171875 0.54 0.159509203125 0.508 0.138036809375 0.45599999999999996 0.174846625 0.43200000000000005 0.1779141109375 0.42800000000000005 0.193251534375
1 0.524 0.9141104296875 0.542 0.935582821875 0.564 0.9202453984375 0.572 0.8834355828125 0.5700000000000001 0.7546012265625001 0.5519999999999999 0.7453987734374999 0.506 0.7576687109375 0.516 0.8865030671874999 0.524 0.9141104296875
1 0.634 0.625766871875 0.634 0.5398773 0.626 0.5368098156250001 0.584 0.5460122703125 0.58 0.6349693249999999 0.634 0.625766871875
1 0.592 0.8558282203124999 0.606 0.8558282203124999 0.622 0.8374233125 0.638 0.7453987734374999 0.628 0.733128834375 0.606 0.733128834375 0.5740000000000001 0.7484662578125 0.5780000000000001 0.8220858890624999 0.592 0.8558282203124999
1 0.5980000000000001 0.138036809375 0.6 0.334355828125 0.626 0.3435582828125 0.64 0.1441717796875 0.648 0.12883435625 0.686 0.1226993859375 0.6900000000000001 0.1104294484375 0.6839999999999999 0.098159509375 0.632 0.0766871171875 0.596 0.0766871171875 0.562 0.092024540625 0.548 0.1104294484375 0.5980000000000001 0.138036809375
1 0.71 0.6165644171875 0.728 0.41104294531249996 0.702 0.404907975 0.6599999999999999 0.6104294484375 0.662 0.62883435625 0.71 0.6165644171875
1 0.62 0.8496932515625 0.622 0.9141104296875 0.636 0.9386503062499999 0.658 0.9325153374999999 0.674 0.8987730062500001 0.7 0.7300613499999999 0.6980000000000001 0.7147239265625001 0.688 0.7147239265625001 0.648 0.7239263796875 0.638 0.73619631875 0.62 0.8496932515625
1 0.706 0.19631901875 0.718 0.20858895781250003 0.708 0.3435582828125 0.714 0.35889570625 0.74 0.35889570625 0.762 0.22699386562499999 0.798 0.2177914109375 0.818 0.23006135 0.828 0.20858895781250003 0.826 0.1809815953125 0.818 0.1779141109375 0.8 0.1840490796875 0.758 0.1564417171875 0.692 0.159509203125 0.6759999999999999 0.1503067484375 0.662 0.174846625 0.674 0.20858895781250003 0.706 0.19631901875