1 0.0488746359375 0.8396692359375001 0.0605051484375 0.8613610015625 0.086517034375 0.861815040625 0.10073770468750001 0.849783975 0.09321615625 0.8220242875 0.100164203125 0.653305359375 0.5089053078125 0.7433251546874999 0.70456636875 0.77129900625 0.748211509375 0.7935495875 0.7682206515625001 0.7938988499999999 0.7806546796875 0.7695573109375 0.7859956968749999 0.6929049890625001 0.7704704921875 0.6650055984375001 0.626565365625 0.653284259375 0.2156090765625 0.575505084375 0.115670496875 0.5676210078125 0.10993559374999999 0.55217179375 0.1235481078125 0.460314740625 0.134463328125 0.40831829375 0.1468437875 0.38704564218750004 0.1391615359375 0.368492615625 0.12126044218750001 0.36204050625 0.08513685 0.3675496109375 0.08958613125 0.4566521109375 0.0607887296875 0.6157801921875 0.0602183984375 0.7631216921874999 0.0572532671875 0.81832673125 0.0488746359375 0.8396692359375001
1 0.1787859359375 0.2770896015625 0.18409230000000001 0.31708990937500003 0.1717654078125 0.3352936765625 0.1704797859375 0.40894696250000007 0.18184245937500002 0.4459831625 0.167246815625 0.4794964359375 0.229221590625 0.4836480328125 0.23149034375 0.4683385234375 0.2180196203125 0.43740517187499994 0.2247723109375 0.3945455328125 0.29291053125 0.3895952453125 0.3874356109375 0.3636167890625 0.6318685609375 0.3494644515625 0.7094756765625 0.3753776640625 0.7555502734374999 0.3731120765625 0.7759879578125 0.3489102421875 0.7730039125 0.2905315375 0.751422396875 0.26559625625 0.7235167328125 0.2589695140625 0.2315249984375 0.3516858921875 0.22352134218750003 0.3515461875 0.2139988796875 0.3237515765625 0.2209122703125 0.2716852765625 0.19316730937499998 0.2558518765625 0.1787859359375 0.2770896015625
1 0.6664576046875 0.5465368109375001 0.9195559359375001 0.6092812765625 0.93134715 0.6217663812499999 0.92216500625 0.6891421890625 0.9318481703125 0.7077301421875 0.9519644484375 0.7019416296875 0.9567697921875 0.6559781765625 0.9714190031250001 0.619396015625 0.972918896875 0.53346718125 0.9912485312499999 0.51536819375 0.969613446875 0.4935017984375 0.9275406796875 0.49583723749999997 0.9272192734375 0.5142505578125001 0.942851615625 0.5360121765625 0.9363667640625 0.5635273796875 0.832854896875 0.5310223546875 0.7509781125 0.5203837234375001 0.546062428125 0.449270825 0.415501978125 0.36103686874999996 0.37337564218749997 0.36644119375 0.3550995765625 0.38147129375 0.33844945000000004 0.418018528125 0.339539715625 0.47022453124999997 0.368803484375 0.513712840625 0.6664576046875 0.5465368109375001
1 0.7781873984375001 0.5669059953125 0.756123775 0.56959069375 0.7186074234375 0.654890859375 0.7224485484375001 0.664167371875 0.762520403125 0.6617970046874999 0.7858696515625 0.5854590203125001 0.7781873984375001 0.5669059953125
1 0.8215804453125 0.3742646375 0.8168286703125001 0.41715920312500004 0.777097134375 0.5146999906249999 0.7788302093749999 0.5300793500000001 0.8069501453125 0.5244305421875 0.9142464015625 0.22546085 0.9323081984374999 0.22270629843749998 0.9559977640625 0.2415387328125 0.9701112984375 0.23564544375000002 0.9626433171875 0.20481686875 0.9353804640625001 0.1613634859375 0.9097435515625 0.1394272375 0.8937362375 0.1391478296875 0.884642315625 0.0868021203125 0.8623644203125 0.10176236875 0.8429098671874999 0.18430798125 0.8508063874999999 0.190585459375 0.8730307156249999 0.1786940984375 0.8905568359375 0.206628415625 0.8215804453125 0.3742646375
1 0.5926412156249999 0.8767891156250001 0.5815117234375 0.9410611093749999 0.591807359375 0.9805530921875001 0.65801968125 0.9782409062499999 0.66312066875 0.9670441765625 0.7243076734375 0.7869927015625 0.7185192 0.774612375 0.6886661890625 0.7648818234375 0.658652475 0.7643579328125 0.5926412156249999 0.8767891156250001
1 0.7175329015624999 0.3724484796875 0.70542028125 0.3783766984375 0.6693691687500001 0.494400659375 0.7032775765625 0.5011321765625001 0.7392751203125 0.3881771015625 0.7374884765624999 0.375866628125 0.7175329015624999 0.3724484796875
1 0.6764621765625 0.5467114421875 0.642393065625 0.549186584375 0.6068240609375 0.6375905625 0.6106116187499999 0.6499359625000001 0.6605273406250001 0.6569468890625 0.6861989078125 0.5622305078125 0.6764621765625 0.5467114421875
1 0.76889495 0.296599459375 0.7769521734375 0.2936702765625 0.7875459890625 0.26008715 0.7996586109375 0.2541589328125 0.8555235078125 0.264343525 0.792887009375 0.1834348296875 0.7331809859375 0.16397372500000001 0.717173671875 0.163694315625 0.7069012625 0.178864121875 0.740381128125 0.21014673281250001 0.746062465625 0.2286648328125 0.7413642578124999 0.2684905109375 0.76889495 0.296599459375
1 0.5863706343749999 0.892028771875 0.6305325390625 0.770006740625 0.6308003765625 0.75466230625 0.5888883125000001 0.747791084375 0.5648237734375 0.750440859375 0.5349896734375 0.85429405 0.5322388124999999 0.897223540625 0.551765846875 0.9251927859375 0.5678802968750001 0.9193344187499999 0.5863706343749999 0.892028771875
1 0.6139138984375 0.3460812296875 0.5937976203125 0.3518697421875 0.569912696875 0.4588965984375 0.6077693656250001 0.468766853125 0.619380965625 0.37687487656249996 0.6198630734374999 0.34925489375 0.6139138984375 0.3460812296875
1 0.5647166375 0.7565786328125 0.5549263375 0.7441284546875 0.5069043953125 0.743290228125 0.50388569375 0.8015641546875001 0.5114608109375001 0.8262549546875 0.5333637328124999 0.8327769140625 0.54563705625 0.8176420375 0.5647166375 0.7565786328125
1 0.5485643625 0.5352695109375001 0.5309500203125 0.6270567109375 0.584814003125 0.6372063765625 0.5965327390625 0.5391766234375 0.582633475 0.5327943671875001 0.5485643625 0.5352695109375001
1 0.6393176281249999 0.26670928125 0.671527615625 0.14140880625000002 0.72798175625 0.1178356421875 0.7242477671875001 0.1024213546875 0.66486315 0.0645469296875 0.5747148703125 0.069113028125 0.5784488609375 0.084527315625 0.6160912609375 0.10667312031250001 0.625774425 0.125261071875 0.6091432125 0.27539205 0.6393176281249999 0.26670928125
1 0.5176021765625001 0.3597492109375 0.5117065671875001 0.3535066578125 0.4874813265625 0.36536309375 0.48467689687500004 0.411361471875 0.5023637203125 0.430089128125 0.5123682921875 0.430263759375 0.5146906109375 0.4118853640625 0.5176021765625001 0.3597492109375
1 0.46102515625 0.6196965234375 0.5089399640625001 0.6266725234375 0.5087603484375001 0.522295440625 0.470689409375 0.524700734375 0.46102515625 0.6196965234375
1 0.4906071609375 0.30095139375 0.522836059375 0.2892346640625 0.530124425 0.21568615468750002 0.540450403125 0.1974474625 0.5948500609375 0.17690825937500002 0.5911160703125 0.1614939734375 0.5671586671875 0.158005971875 0.51577770625 0.12027125000000001 0.4833881046875 0.1411946421875 0.4432626828125 0.14663389375 0.4508913671875 0.16825580625 0.4906418140625 0.1842987640625 0.4963231515625 0.20281686406250002 0.4906071609375 0.30095139375
1 0.49470355 0.8689399625 0.5069579609375 0.740221340625 0.461151203125 0.72714249375 0.44298227187499994 0.73603481875 0.43873151874999994 0.8648931453125 0.4460923640625 0.9018594921875 0.46783458125 0.9175881140625 0.48621778437499996 0.8964202406249999 0.49470355 0.8689399625
1 0.382702746875 0.520095096875 0.38120285468750004 0.606023934375 0.43506683749999997 0.6161735984375001 0.43261847031249995 0.5271060249999999 0.3907599734375 0.5171659156249999 0.382702746875 0.520095096875
1 0.43380012656250005 0.8034106265625001 0.439087578125 0.72982719375 0.4073407875 0.713923940625 0.38533072968750004 0.7135397546875 0.3751118890625 0.725640671875 0.389512175 0.8179866875 0.4051980828125 0.83667941875 0.4192044828125 0.8369239015625001 0.43380012656250005 0.8034106265625001
1 0.383610228125 0.124103903125 0.394134734375 0.3238260375 0.42030732187500003 0.315073415625 0.42573656406250004 0.1186995765625 0.4762415296875 0.091952746875 0.4625565359375 0.07329494375 0.4288088296875 0.057356764062499996 0.3927923734375 0.05672809375 0.340393628125 0.0773022234375 0.334176615625 0.08947299375 0.33796417343749996 0.1018183921875 0.375874409375 0.1086197640625 0.383610228125 0.124103903125
1 0.29090961718749997 0.3895603203125 0.3053288140625 0.5954900796875 0.3531364875 0.6086038546875 0.35545880625000004 0.590225459375 0.3170286375 0.383876584375 0.29090961718749997 0.3895603203125
1 0.38817298437500003 0.8947088624999999 0.39129881875 0.8302971625 0.37527259218750003 0.716434009375 0.36548229062500004 0.70398383125 0.32562470781249997 0.69407865 0.3156201359375 0.6939040203125 0.313351384375 0.709213528125 0.33641705 0.8784563500000001 0.35183512031249997 0.912493515625 0.3737380421875 0.9190154749999999 0.38817298437500003 0.8947088624999999
1 0.1943993640625 0.1852674765625 0.20402896250000002 0.20692431562500002 0.22425237656250002 0.194998028125 0.26010812968749997 0.20483335937499997 0.2798147796875 0.337179684375 0.305826665625 0.337633725 0.31209724687499996 0.32239406718749997 0.30444965156250003 0.1871884109375 0.31666940625 0.17512241875 0.34846976406249996 0.1879567859375 0.3610644953125 0.154408584375 0.3474866359375 0.12961300625 0.33131861875 0.138540259375 0.2653420140625 0.1343188109375 0.2228407046875 0.1612053453125 0.20493961249999998 0.1547532375 0.1968823875 0.15768241875 0.1943993640625 0.1852674765625