1 0.17627373125 0.7012731453125001 0.1818254125 0.7280217046875 0.20120415937499997 0.73297329375 0.2491535328125 0.7230613859374999 0.44514084374999996 0.7478093593749999 0.8629102515625 0.7690675234375 0.82501645625 0.9335288875 0.8104299421875 0.95829805625 0.8209572796875 0.9736529734375001 0.8461496546875 0.9800900390624999 0.8630930265625001 0.9622555875 0.8606576515625 0.939469546875 0.872389809375 0.8854747734374999 0.91078110625 0.74330429375 0.9250799359374999 0.5823127859375 0.952917503125 0.497604440625 0.9195546468750001 0.4827471765625 0.9005948796875 0.48423515000000006 0.8882867031250001 0.50008771875 0.894597828125 0.5238640765625 0.891376615625 0.576867284375 0.8802204781249999 0.6690042640625 0.870609621875 0.682379790625 0.7721969828125 0.66356624375 0.3555274859375 0.6299241140625 0.21372215468750003 0.6031892734375 0.1913841390625 0.6259778078125 0.17627373125 0.7012731453125001
1 0.785212478125 0.5560731015625 0.7833531218750001 0.5714292640624999 0.8441866906250001 0.5838069921875 0.838975475 0.5476466703125 0.8597160796875001 0.514951215625 0.8779427890625 0.443618396875 0.87087221875 0.4228142375 0.8865586437499999 0.3856611046875 0.87830964375 0.3613895859375 0.8473821640624999 0.3693183640625 0.8402852015625 0.4213312546875 0.8237608109375 0.44560526562499997 0.8160093125 0.44362463124999996 0.3662916828125 0.22422805937499998 0.3376425421875 0.2232402359375 0.310250346875 0.24157109375000002 0.29194511875 0.297052590625 0.3052482984375 0.32578178750000003 0.34905997499999997 0.3401426421875 0.4307126671875 0.33567623750000003 0.662576728125 0.413918834375 0.746821834375 0.4639411125 0.8111906890625 0.48672091875 0.806372065625 0.5298172078125 0.785212478125 0.5560731015625
1 0.0320858015625 0.5061181640625 0.036537571875 0.5452506859375 0.029021628124999997 0.5908240171875 0.046881484375 0.60172000625 0.061127537499999995 0.586362596875 0.0700838546875 0.51899354375 0.0847488890625 0.51007569375 0.34528848125 0.5164890671875 0.6408668609375 0.5635179453125 0.6805672328125 0.5293345171875 0.69541569375 0.4793022640625 0.6890260500000001 0.4396745828125 0.6753824078124999 0.4203571484375 0.6362059265625 0.40401440937500005 0.4870416859375 0.4545555390625 0.2707327515625 0.46894258437499997 0.1890015421875 0.45755766875 0.080637584375 0.46153141093750005 0.0816589765625 0.43329612656250005 0.1024780984375 0.41645199218749995 0.1070347765625 0.3986187859375 0.06709885 0.38524824999999996 0.0404661015625 0.4006069046875 0.0533502984375 0.42289654218750006 0.0320858015625 0.5061181640625
1 0.2527679875 0.51501231875 0.232210809375 0.5065933703125001 0.2199026328125 0.5224459390625 0.22223310000000002 0.60219770625 0.2602311515625 0.6150730875 0.26638524218750004 0.607146803125 0.2527679875 0.51501231875
1 0.2470592703125 0.456561115625 0.234541928125 0.35204267031250003 0.2412984265625 0.309441540625 0.219118096875 0.12963025156250002 0.2433939890625 0.10733687343750001 0.2616728265625 0.1246724265625 0.2709432203125 0.12070866093749999 0.27400739375 0.036002809375 0.2564880015625 0.01569505625 0.233888040625 0.063746675 0.2183850421875 0.0597854046875 0.18787654375 0.07415374218750001 0.15011404687500002 0.10883232812500002 0.134768084375 0.1365737 0.1468143171875 0.1459842140625 0.17462549375 0.1340929171875 0.191306921875 0.1415215484375 0.21571280937499998 0.4580503328125 0.24132416406249999 0.4709269609375 0.2470592703125 0.456561115625
1 0.24056341718750002 0.9425040984375 0.3006375390625 0.9578540265625 0.3228970375 0.91921416875 0.3291560328125 0.8543221578125 0.2952435484375 0.7285056421875 0.266175425 0.72107825625 0.2348289609375 0.7225674734374999 0.2259775515625 0.7329708015625 0.23736859531249999 0.9226902578124999 0.24056341718750002 0.9425040984375
1 0.352176278125 0.3441051625 0.342067921875 0.33518980625 0.32192972656249996 0.3332104171875 0.316954065625 0.34460406250000003 0.32179842812500004 0.46299319375000003 0.35626119375 0.46546649531249995 0.352176278125 0.3441051625
1 0.3677835359375 0.525403175 0.3355991078125 0.514013271875 0.322112503125 0.5263984828125 0.3218241671875 0.6244786140625 0.3717899328125 0.6309131859375 0.3787034671875 0.6200147 0.3677835359375 0.525403175
1 0.3975860171875 0.134070471875 0.3820830171875 0.13010919999999998 0.31939009218750003 0.13308763437499999 0.23763249218750002 0.1945197703125 0.29417132968750004 0.1994676171875 0.3042796859375 0.20838297187500002 0.30561515156249996 0.24355297656250002 0.31260720468750003 0.2485058125 0.3465724703125 0.22868823124999998 0.352569521875 0.1890593046875 0.362939825 0.17271157343750002 0.403478159375 0.1514072703125 0.3975860171875 0.134070471875
1 0.3208549046875 0.74138226875 0.33117242812500003 0.8706686375 0.3417782859375 0.9018748750000001 0.355762390625 0.9117805499999999 0.3819761578125 0.8899823328125 0.3906705296875 0.8478763609375 0.3893614546875 0.739889309375 0.3668664015625 0.7309751999999999 0.3246521359375 0.7265212640625001 0.3208549046875 0.74138226875
1 0.46677284375 0.3480564578125 0.44891298749999997 0.33716046718750003 0.442339915625 0.33864719062500004 0.43550490000000003 0.3653969984375 0.4224108859375 0.457038815625 0.46150884843749995 0.45753023437499996 0.46677284375 0.3480564578125
1 0.4207600453125 0.8270684625 0.434587115625 0.8052714921874999 0.44707871875 0.74830451875 0.400569721875 0.7364207031250001 0.38784256250000004 0.7458337109375 0.39009451093749997 0.80973415625 0.397924528125 0.8275661140624999 0.4207600453125 0.8270684625
1 0.4146329984375 0.527875228125 0.4000200921875 0.62546145 0.454621053125 0.6299141390624999 0.46190144218749996 0.5367868437500001 0.4297170140625 0.5253969406250001 0.4146329984375 0.527875228125
1 0.4069613171875 0.073140978125 0.3992883359375 0.08701166406250001 0.4474732640625 0.1246537203125 0.445404090625 0.2539413390625 0.47219387656249995 0.2702853234375 0.49584161875 0.12118137343749999 0.510087671875 0.1058239625 0.5522234187499999 0.09442657812500001 0.5598963984374999 0.0805558921875 0.47421092031249995 0.052329337499999996 0.4069613171875 0.073140978125
1 0.5342316125 0.44761583125 0.5562291640625 0.43423905781250005 0.5656829828125 0.3891608859375 0.5454662703125 0.371330175 0.5381337515625 0.3757891015625 0.527161040625 0.4268116734375 0.5245422375000001 0.44514003750000003 0.5342316125 0.44761583125
1 0.5397569015625 0.5471814421875 0.503696725 0.53480121875 0.47593767812500004 0.6353608875 0.5239655671875 0.6413002999999999 0.5397569015625 0.5471814421875
1 0.666112665625 0.1900184453125 0.628874059375 0.174170865625 0.603184184375 0.1454429140625 0.5436860828125 0.1682351921875 0.5196721375 0.16526548593749998 0.51199915625 0.179136171875 0.5590056546875 0.21331086875 0.5641383531249999 0.23361986875000001 0.5517252671875 0.3064381640625 0.5796934796875 0.3262495109375 0.6001200109375 0.23014876874999998 0.6104903125 0.21380103906249998 0.6530450421875 0.2088432140625 0.666112665625 0.1900184453125
1 0.42654727968749995 0.9013709875 0.43867203125 0.9266328234375001 0.4637858875 0.9172185687500001 0.48065074062499996 0.8835327953125001 0.510609609375 0.7582052015625 0.49544707343749994 0.7448321703125 0.44783816718749997 0.745332315625 0.425630796875 0.8726405453125 0.42654727968749995 0.9013709875
1 0.5758170796875001 0.5595616625 0.5499173875000001 0.644765165625 0.6045183484375001 0.6492178578125001 0.6257828453125 0.5659962328125 0.6187907921875 0.5610433968749999 0.5758170796875001 0.5595616625
1 0.5068645078125 0.861734578125 0.5204296312500001 0.8652006890624999 0.5404893093750001 0.85132875625 0.5787756953125001 0.7661240046875 0.57212410625 0.7517594078125 0.55080748125 0.746312659375 0.5160042515625001 0.75325111875 0.501653290625 0.82557425625 0.5068645078125 0.861734578125
1 0.7385213546875 0.11669875468749999 0.70363960625 0.1077858953125 0.6668985015625 0.114229196875 0.6487766984375 0.1285962890625 0.6903885562500001 0.1677250671875 0.6437218703124999 0.358441078125 0.66663590625 0.3737947484375 0.7295650375 0.184067809375 0.7411137671875 0.171187440625 0.779452284375 0.1746510578125 0.7863658171875 0.1637525734375 0.783589978125 0.15037829375 0.7385213546875 0.11669875468749999
1 0.6335079546875 0.64079391875 0.6308891515624999 0.6591222828125 0.6804359359375 0.6591172937499999 0.748759709375 0.46443627187500003 0.7250862265625 0.45205480312499996 0.6335079546875 0.64079391875
1 0.59378119375 0.74779439375 0.5810540328125 0.757207403125 0.5355136468749999 0.8627224015625 0.5215031515625 0.925633778125 0.52899270625 0.9528774953125 0.5518282218749999 0.9523798421875 0.57568513125 0.9236469062499999 0.6426470484375 0.7666129296874999 0.6445064046875 0.7512567671875 0.63481703125 0.748780971875 0.59378119375 0.74779439375
1 0.8957769078125001 0.29302896875 0.9006740484375 0.26578400156250004 0.8936819953124999 0.260831165625 0.8747222296875 0.2623191359375 0.8408618734375001 0.2251709890625 0.776152553125 0.211802946875 0.7629278921875 0.198925071875 0.7432871984375 0.21923656406249997 0.7465605390625 0.254901728125 0.7806043234375 0.25093546718750004 0.7891937875 0.265795225 0.7460887765625001 0.394096265625 0.7481051703125 0.4104427453125 0.77329754375 0.41687981250000006 0.8272703578125 0.2945219265625 0.8644304453125 0.2945181859375 0.8807714093750001 0.311358578125 0.8957769078125001 0.29302896875