1 0.11832061093749999 0.15241635625 0.11832061093749999 0.17100371718750002 0.1221374046875 0.17100371718750002 0.1259541984375 0.2602230484375 0.1297709921875 0.2602230484375 0.1297709921875 0.29368029687499997 0.1335877859375 0.29368029687499997 0.1374045796875 0.327137546875 0.1450381671875 0.334572490625 0.1641221375 0.334572490625 0.171755725 0.3122676578125 0.16793893124999998 0.3122676578125 0.1641221375 0.23420074375 0.16030534375 0.23420074375 0.16030534375 0.2118959109375 0.15648855 0.2118959109375 0.15648855 0.19330855 0.15267175625 0.19330855 0.15267175625 0.13754646875 0.16030534375 0.1263940515625 0.1793893125 0.1263940515625 0.1870229 0.1189591078125 0.171755725 0.10780669218750001 0.16030534375 0.10780669218750001 0.15267175625 0.08921933125 0.1259541984375 0.08921933125 0.1259541984375 0.092936803125 0.1106870234375 0.092936803125 0.1106870234375 0.096654275 0.095419846875 0.10037174687499999 0.087786259375 0.10780669218750001 0.095419846875 0.141263940625 0.103053434375 0.148698884375 0.11832061093749999 0.15241635625
1 0.2251908390625 0.1747211890625 0.2251908390625 0.35315985156249996 0.2290076328125 0.3605947953125 0.251908396875 0.3605947953125 0.248091603125 0.1635687734375 0.251908396875 0.1635687734375 0.251908396875 0.13754646875 0.27480916093749996 0.13754646875 0.2862595421875 0.1263940515625 0.2862595421875 0.1152416359375 0.255725190625 0.10037174687499999 0.1946564890625 0.10037174687499999 0.1908396953125 0.12267657968750001 0.2175572515625 0.1263940515625 0.2213740453125 0.1747211890625 0.2251908390625 0.1747211890625
1 0.3778625953125 0.1189591078125 0.3778625953125 0.2602230484375 0.3740458015625 0.2602230484375 0.3702290078125 0.30111524218749997 0.3740458015625 0.30111524218749997 0.3740458015625 0.3085501859375 0.40076335937499996 0.3085501859375 0.40458015312500006 0.3048327140625 0.40458015312500006 0.28252788125 0.40076335937499996 0.28252788125 0.40076335937499996 0.133828996875 0.40458015312500006 0.133828996875 0.40458015312500006 0.1189591078125 0.431297709375 0.1189591078125 0.431297709375 0.0780669140625 0.41984732812500003 0.0706319703125 0.35496183281250004 0.0743494421875 0.3511450375 0.0780669140625 0.3511450375 0.085501859375 0.34732824375 0.085501859375 0.3511450375 0.1189591078125 0.3778625953125 0.1189591078125
1 0.4923664125 0.12267657968750001 0.48854961875 0.3159851296875 0.515267175 0.3159851296875 0.515267175 0.12267657968750001 0.5381679390625 0.1189591078125 0.5381679390625 0.1152416359375 0.5572519078125 0.1152416359375 0.5610687015625 0.085501859375 0.5534351140625 0.0743494421875 0.45038167968750004 0.0743494421875 0.45038167968750004 0.1152416359375 0.4618320609375 0.12267657968750001 0.4923664125 0.12267657968750001
1 0.6412213734375001 0.3085501859375 0.6717557249999999 0.3085501859375 0.6717557249999999 0.30111524218749997 0.67557251875 0.30111524218749997 0.6717557249999999 0.29739776875 0.6717557249999999 0.1152416359375 0.7061068703125 0.11152416406250001 0.7099236640625 0.10780669218750001 0.7099236640625 0.085501859375 0.7061068703125 0.08178438593750001 0.6221374046875 0.08178438593750001 0.6183206109375 0.085501859375 0.6183206109375 0.11152416406250001 0.6488549625 0.1189591078125 0.6412213734375001 0.3085501859375
3 0.6984732828125 0.334572490625 0.7213740453125 0.35315985156249996 0.6984732828125 0.3643122671875 0.7022900765625 0.382899628125 0.7213740453125 0.3940520453125 0.7061068703125 0.40520446093749996 0.7099236640625 0.40520446093749996 0.7099236640625 0.41263940468750004 0.7137404578125001 0.41263940468750004 0.7137404578125001 0.423791821875 0.7213740453125 0.42750929375 0.7213740453125 0.423791821875 0.7290076328125 0.423791821875 0.7290076328125 0.41263940468750004 0.7251908390625 0.41263940468750004 0.7213740453125 0.3736059484375 0.7251908390625 0.35315985156249996 0.7251908390625 0.3197026015625 0.7213740453125 0.3197026015625 0.7213740453125 0.2750929375 0.7175572515625 0.2750929375 0.7175572515625 0.2713754640625 0.7022900765625 0.2713754640625 0.7022900765625 0.2750929375 0.6946564890625 0.278810409375 0.6946564890625 0.334572490625 0.6984732828125 0.334572490625
3 0.7290076328125 0.423791821875 0.736641221875 0.42750929375 0.744274809375 0.41263940468750004 0.744274809375 0.3866171 0.748091603125 0.3866171 0.748091603125 0.36802973906249997 0.740458015625 0.36802973906249997 0.740458015625 0.3717472125 0.736641221875 0.3717472125 0.736641221875 0.382899628125 0.732824428125 0.382899628125 0.7290076328125 0.4014869890625 0.732824428125 0.4014869890625 0.740458015625 0.41263940468750004 0.7290076328125 0.423791821875
3 0.736641221875 0.3457249078125 0.736641221875 0.3494423796875 0.755725190625 0.3494423796875 0.755725190625 0.34200743437500003 0.759541984375 0.34200743437500003 0.759541984375 0.3197026015625 0.763358778125 0.3197026015625 0.763358778125 0.29739776875 0.767175571875 0.29739776875 0.767175571875 0.28996282500000004 0.7709923671875 0.28996282500000004 0.7709923671875 0.278810409375 0.767175571875 0.278810409375 0.763358778125 0.2713754640625 0.748091603125 0.2713754640625 0.748091603125 0.2750929375 0.744274809375 0.2750929375 0.744274809375 0.29368029687499997 0.740458015625 0.29368029687499997 0.740458015625 0.3159851296875 0.736641221875 0.3159851296875 0.736641221875 0.34200743437500003 0.732824428125 0.34200743437500003 0.732824428125 0.3457249078125 0.736641221875 0.3457249078125
3 0.8113057593749999 0.29019662031250004 0.8104872359374999 0.2759685765625 0.7859628468750001 0.2719650328125 0.766030534375 0.3460966546875 0.7516758125 0.4229234421875 0.7884035078125 0.348624825 0.8113057593749999 0.29019662031250004
3 0.82120556875 0.347267078125 0.851315003125 0.2850821890625 0.84016579375 0.273674196875 0.8229007640624999 0.27918215625 0.791269084375 0.36658921875 0.78043595 0.41875145312499995 0.82120556875 0.347267078125
3 0.8522438593749999 0.34955709687500003 0.8838800109375 0.2869031703125 0.8685487249999999 0.2747342609375 0.8568702296874999 0.288847584375 0.8232287703125 0.36588929062500003 0.8022050921874999 0.41696677343750005 0.8522438593749999 0.34955709687500003