1 0.1133603234375 0.6 0.0951417 0.602 0.093117409375 0.61 0.1457489875 0.612 0.14979757031250002 0.61 0.14979757031250002 0.602 0.1457489875 0.5980000000000001 0.143724696875 0.534 0.1457489875 0.386 0.12348178125 0.382 0.1113360328125 0.392 0.11538461562499999 0.44400000000000006 0.1133603234375 0.6
1 0.1827636734375 0.49879817031250007 0.1821995890625 0.33717641875000004 0.200814409375 0.336061784375 0.197429896875 0.291476471875 0.1365086703125 0.3115398640625 0.1415854390625 0.3455361625 0.1624565984375 0.34107763125 0.1669692828125 0.5021420703125 0.1827636734375 0.49879817031250007
1 0.24932575468749998 0.5734785687499999 0.250453925 0.5567590765625 0.22789050781250003 0.5511859125 0.2329672765625 0.3667141859375 0.212660203125 0.36838613593749997 0.20814751875 0.55397249375 0.1906608703125 0.55230054375 0.1929172125 0.5690200359375 0.24932575468749998 0.5734785687499999
1 0.29445258750000003 0.572363934375 0.2933244171875 0.39625195468749996 0.312503321875 0.392350740625 0.3079906375 0.37507393125 0.2566588640625 0.3778605140625 0.2560947796875 0.3990385359375 0.2730173421875 0.39625195468749996 0.2780941109375 0.574035884375 0.29445258750000003 0.572363934375
1 0.3548097265625 0.507715234375 0.3559378984375 0.358354440625 0.38075765625 0.359469071875 0.38075765625 0.327144721875 0.324349115625 0.325472771875 0.31983643125 0.326030090625 0.31983643125 0.359469071875 0.34239984843750004 0.361141021875 0.33788716406249997 0.4999128046875 0.3548097265625 0.507715234375
1 0.4027569875 0.5673480859375 0.44393522343749997 0.5578737078125 0.4450633953125 0.54171153125 0.41121826875 0.5467273796875001 0.4117823546875 0.36894345156249997 0.38978302187499997 0.3767458796875 0.39655204843749997 0.5511859125 0.3553738125 0.5506285953125001 0.361578753125 0.5679054046875 0.4027569875 0.5673480859375
1 0.4405507109375 0.49601158749999996 0.4450633953125 0.3126544953125 0.4732676640625 0.31321181249999996 0.467062725 0.2964923203125 0.439422540625 0.291476471875 0.40106473125 0.294820371875 0.39993656093749996 0.294820371875 0.398244303125 0.3143264453125 0.42306406250000006 0.3109825453125 0.418551378125 0.49656890625 0.4405507109375 0.49601158749999996
1 0.24537715625 0.3193422921875 0.2532743515625 0.1309693515625 0.283170878125 0.1298547203125 0.27978636562500003 0.1103486453125 0.19799398125 0.1125779125 0.20194257968749998 0.1432303125 0.22789050781250003 0.14545957812500002 0.22281373906250002 0.3215715578125 0.24537715625 0.3193422921875
1 0.3085547234375 0.347765428125 0.311939234375 0.1716534484375 0.324349115625 0.1738827140625 0.3175800890625 0.1504754265625 0.270761 0.1527046921875 0.2690687421875 0.1538193234375 0.270761 0.17109613125 0.292196246875 0.1733253984375 0.28429905 0.347765428125 0.3085547234375 0.347765428125
1 0.38075765625 0.25859480625 0.3711682046875 0.0646487015625 0.4050133296875 0.0646487015625 0.390347109375 0.043470678125 0.3147596625 0.0445853125 0.31983643125 0.0629767515625 0.349168871875 0.07468039531250001 0.357630153125 0.2558082234375 0.38075765625 0.25859480625
1 0.4896261421875 0.25915212187500003 0.476652178125 0.089170621875 0.5150099859374999 0.0874986734375 0.5048564468750001 0.077466978125 0.43096125937499996 0.0724511296875 0.4326535140625 0.0953011046875 0.4569091875 0.10756206406249999 0.4664986390625 0.2619387046875 0.4896261421875 0.25915212187500003
1 0.6221862140625001 0.249120428125 0.6171094453125 0.0757950296875 0.6424932890624999 0.07077918125 0.6549031703125 0.058518221875 0.657159509375 0.04569994375 0.56352133125 0.04402799375 0.562957246875 0.07412307968750001 0.6030073093749999 0.0752377125 0.6018791390625 0.25079237656250003 0.6221862140625001 0.249120428125
1 0.725413846875 0.2301716703125 0.710747625 0.0629767515625 0.72936244375 0.0596328546875 0.725413846875 0.0239646046875 0.66336445 0.0339963 0.6656207921874999 0.06520601875000001 0.6881842078125 0.067435284375 0.6960814046875 0.2329582515625 0.725413846875 0.2301716703125
1 0.6227503 0.506043284375 0.6182376171875 0.322686190625 0.66336445 0.3193422921875 0.660544021875 0.30540938125 0.54659876875 0.31599839375 0.549419196875 0.324358140625 0.5990587125 0.3232435078125 0.598494628125 0.508829865625 0.6227503 0.506043284375
1 0.542650171875 0.5439407984375 0.5409579156250001 0.35891175625 0.6052636515625001 0.358354440625 0.5962382859375001 0.34832274375 0.4580373578125 0.350552009375 0.46142187031250004 0.3622556546875 0.5200867546875 0.359469071875 0.5172663281250001 0.5444981140625 0.542650171875 0.5439407984375
1 0.69044055 0.5472846953125 0.6864919515625 0.5166322953125 0.6667489640625 0.517746928125 0.6723898171875 0.38231904375000003 0.6492623156249999 0.3789751453125 0.6520827421875001 0.5227627765625 0.6300834109375 0.5233200921875001 0.6300834109375 0.5489566453125 0.69044055 0.5472846953125
1 0.6791588421875 0.4792920984375 0.7113117109375 0.485422578125 0.718644821875 0.48430794375 0.7079271984375 0.327144721875 0.7231575046875001 0.3366191 0.7361314703125 0.339963 0.7316187859375 0.32770203750000004 0.710747625 0.3081959640625 0.6802870125 0.3109825453125 0.6791588421875 0.326030090625 0.6949532328125 0.3282593546875 0.6955173203125 0.4352641015625 0.6791588421875 0.4792920984375
1 0.7778737890625 0.5706919859374999 0.7806942171875 0.5584310234375 0.747413178125 0.5578737078125 0.7479772625 0.36950076875 0.727106103125 0.372844665625 0.72597793125 0.5556444421875 0.696645490625 0.5584310234375 0.697209575 0.5706919859374999 0.7778737890625 0.5706919859374999
1 0.7787196359374999 0.24937499999999999 0.7742914984375 0.08249999999999999 0.8033906875 0.08625000000000001 0.7926366390624999 0.03625 0.7394989875 0.0475 0.743927125 0.083125 0.7629048578125001 0.08875 0.7622722671875 0.248125 0.7787196359374999 0.24937499999999999
1 0.8185728750000001 0.311875 0.816042509375 0.145 0.836285425 0.14375 0.8337550609375001 0.12375 0.7799848171875 0.12687500000000002 0.781882590625 0.14250000000000002 0.8002277328125 0.14875 0.7989625499999999 0.31124999999999997 0.8185728750000001 0.311875
1 0.877403846875 0.209375 0.8761386640625 0.06375 0.902707490625 0.061875 0.89448380625 0.020624999999999998 0.8388157890624999 0.031875 0.8407135625000001 0.065 0.8596912953125001 0.06875 0.8628542515625 0.210625 0.877403846875 0.209375
1 0.82426619375 0.505625 0.8166751015625 0.34249999999999997 0.8584261140624999 0.34375 0.8495698375 0.32 0.7534159921875 0.328125 0.756578946875 0.34375 0.7945344125 0.344375 0.79769736875 0.50875 0.82426619375 0.505625