1 0.22743485937500002 0.939286953125 0.23229526250000002 0.919629478125 0.24362781406249998 0.9176384109375 0.2571211078125 0.903985596875 0.2484882203125 0.8979809375000001 0.22960063281249998 0.90129938125 0.2204288203125 0.8916286984375 0.212344928125 0.83663840625 0.2161224453125 0.83597471875 0.21342781562500002 0.817644621875 0.2172053328125 0.8169809328125 0.21397177812499998 0.7949848140625 0.21774929531249998 0.7943211265625 0.21020936406250001 0.716671028125 0.21398688125 0.7160073390624999 0.203198290625 0.6953386 0.1843107015625 0.69865704375 0.17783351875 0.707316459375 0.1789063359375 0.740974325 0.17512881875 0.7416380140625 0.17997915312499999 0.7746321890625001 0.1762016359375 0.775295878125 0.18535834375 0.8639440359374999 0.181580825 0.8646077249999999 0.18427545625 0.8829378234374999 0.1697043109375 0.889258596875 0.1632271296875 0.8979180124999999 0.160522428125 0.9322395671875 0.169155315625 0.9382442281250001 0.1848043125 0.9392554921875 0.1853432390625 0.9429215125000001 0.2004533078125 0.94026675625 0.200992234375 0.9439327750000001 0.22743485937500002 0.939286953125
1 0.3186442765625 0.8743727890624999 0.3148717953125 0.8487106531249999 0.3110942765625 0.849374340625 0.2863087125 0.6544116203125 0.26364360625 0.6583937515625 0.260943940625 0.6663894796875 0.2868123921875 0.8423584171874999 0.2830348734375 0.84302210625 0.2862633953125 0.8913440484375 0.2603597 0.8996558890624999 0.26737077343750004 0.9209883187499999 0.3278110546875 0.910369296875 0.355875490625 0.89039570625 0.35425871249999996 0.8793976499999999 0.3413093828125 0.87039065625 0.3186442765625 0.8743727890624999
1 0.47243961093750003 0.8661553328125 0.47028390625 0.851491253125 0.4665063890625 0.8521549437499999 0.444949346875 0.7055141625 0.44872686406250006 0.7048504734375001 0.44549330937500004 0.68285435625 0.44117686406249995 0.679852025 0.414734240625 0.684497846875 0.4158120921875 0.6918298859374999 0.412034575 0.6924935750000001 0.42174027968749994 0.7321561015625 0.425517796875 0.7314924125 0.44599698749999994 0.8708011546875 0.4195543640625 0.8754469765625 0.42062717968749996 0.909104840625 0.42440469687500004 0.9084411515624999 0.42548255 0.9157731921875 0.4297989953125 0.918775521875 0.49455572031250006 0.9111588312500001 0.5048104203125 0.9018357265624999 0.498882234375 0.861509509375 0.47243961093750003 0.8661553328125
1 0.58144869375 0.8432423359375001 0.5534245390625 0.6526093203125 0.5269819171875 0.6572551437499999 0.5587835906249999 0.84722446875 0.5285634499999999 0.85253398125 0.5183087484375 0.8618570859375 0.5242369359375 0.9021833000000001 0.626229909375 0.8842637 0.632168165625 0.8719382640625 0.6240792390625 0.843273796875 0.605191653125 0.8465922406249999 0.6046527265625 0.8429262218750001 0.58144869375 0.8432423359375001
1 0.73740476875 0.82336313125 0.710997390625 0.6437281765625 0.7142359828125 0.6393984671874999 0.710458465625 0.6400621546874999 0.7093806125000001 0.6327301171874999 0.6791604718750001 0.638039628125 0.7142007375 0.82367924375 0.6850584484375 0.83632079375 0.68883093125 0.86198293125 0.693147375 0.8649852640625 0.7762527625 0.8503841078125 0.779491353125 0.8460543984375001 0.776257796875 0.8240582812499999 0.7719413546875 0.8210559515625 0.73740476875 0.82336313125
3 0.76064908125 0.612440415625 0.7557987453125 0.5794462375 0.7490571359375 0.5599468203125 0.7471759296875 0.5207899265625 0.750953446875 0.5201262375 0.74933666875 0.509128178125 0.7417816328125 0.5104555562499999 0.7412427078125 0.5067895375 0.7342265984375 0.511782934375 0.7358433765625 0.52278099375 0.732065859375 0.5234446828125 0.7331437125 0.5307767203125 0.7293661953125 0.531440409375 0.7460930421875 0.5397837109375 0.728822234375 0.5541002140625 0.7277393453125 0.5730940015625 0.752021228125 0.5801099265625 0.7320507546874999 0.6024221578125 0.7282732375000001 0.603085846875 0.736357128125 0.6580761390625 0.7444510890625 0.66041478125 0.744990015625 0.6640808 0.760100084375 0.6614260453125 0.759561159375 0.657760025 0.7633386765625 0.6570963359374999 0.7568715640625 0.613104103125 0.76064908125 0.612440415625
3 0.7763081484375001 0.560800028125 0.7736135187500001 0.5424699296875 0.7698360015625 0.54313361875 0.76606351875 0.5174714828125 0.756352778125 0.50413478125 0.74933666875 0.509128178125 0.762286 0.518135171875 0.7563477437499999 0.53046060625 0.752570225 0.5311242953125 0.759042375 0.548790703125 0.7628198921875 0.5481270140625 0.7644366703125 0.5591250734375001 0.7682141875 0.5584613843749999 0.7687531140625 0.5621274046875 0.7763081484375001 0.560800028125
3 0.7897813 0.6524505140625 0.7903202265625 0.656116534375 0.8054302968749999 0.6534617796875 0.8081299609375 0.6454660515625 0.8119074796874999 0.6448023625 0.8102907015625 0.6338043046874999 0.8065131828125001 0.6344679921874999 0.80543533125 0.6271359546874999 0.8016578140625 0.6277996421875 0.7984242578125 0.6058035265624999 0.794646740625 0.6064672156250001 0.791413184375 0.584471096875 0.7876356671875 0.5851347859375 0.7865578140625 0.5778027453125001 0.7676702265625 0.581121190625 0.7682091515625 0.5847872093750001 0.764431634375 0.5854508984375 0.7649705609375 0.5891169203125 0.768748078125 0.58845323125 0.7725205625 0.6141153671875 0.7762980796875001 0.613451678125 0.7795316359375 0.6354477953125001 0.783309153125 0.6347841062499999 0.7860037828124999 0.6531142015625 0.7897813 0.6524505140625
3 0.7972421453125 0.579310203125 0.827716290625 0.6489498296875 0.8514079156250001 0.6407372375 0.850155359375 0.626563790625 0.8190183796875001 0.57292666875 0.7718974734375 0.5060428484374999 0.7972421453125 0.579310203125
3 0.8632278265625001 0.635409590625 0.8811136875000001 0.6378391609375 0.8904943375000001 0.6246503671875 0.8516797296874999 0.5685617875 0.8009664765625001 0.5051560953124999 0.8192501515625 0.5547126296875 0.8632278265625001 0.635409590625
3 0.8954465265625 0.619971109375 0.90905086875 0.6318583609374999 0.92246025 0.617191975 0.8820666375 0.560906325 0.8227703328124999 0.5031307140625 0.8509824281249999 0.5498455125 0.8954465265625 0.619971109375