1 0.1323154328125 0.3884427640625 0.110300225 0.38276210312500003 0.0975830328125 0.3918311421875 0.0986020796875 0.4440767890625 0.087501415625 0.5997412453125001 0.06918213749999999 0.600359996875 0.06669405 0.6081974328124999 0.119163796875 0.6141786171875 0.1233252703125 0.6124873796875 0.12379081562500001 0.604496728125 0.11997850000000002 0.60019498125 0.121680315625 0.536116571875 0.1323154328125 0.3884427640625
1 0.1627340875 0.5039106234374999 0.17157575625000002 0.34243508125 0.19023936875 0.342730646875 0.189452334375 0.2979412828125 0.12741615781249999 0.31337028437500003 0.13051019531250002 0.3477110953125 0.15162278906249999 0.344837446875 0.146758740625 0.5060551859375 0.1627340875 0.5039106234374999
1 0.2248928140625 0.5835416140625 0.22699296875 0.5669270515625 0.204773353125 0.5596526468749999 0.22058071406250002 0.37578077187500003 0.20019387968750002 0.37591379062499997 0.18488525 0.560941684375 0.16751099687499998 0.557948178125 0.16879243125 0.5748189046875 0.2248928140625 0.5835416140625
1 0.2700455453125 0.5858437921874999 0.2791668484375 0.4098522640625 0.298556215625 0.4074072 0.29505281875 0.389809034375 0.24360320781250003 0.3887072171875 0.24180719687500002 0.40981779218750003 0.25887730625 0.408315284375 0.25360389843750003 0.5862756671875 0.2700455453125 0.5858437921874999
1 0.3176587734375 0.5167647718749999 0.334112678125 0.5258388984375 0.3439316390625 0.3767380640625 0.368665103125 0.3797299234375 0.37054615625 0.34744335312499997 0.314283615625 0.34150396875 0.309742396875 0.3417190875 0.3077964796875 0.375118984375 0.33024311875 0.3784967359375 0.3176587734375 0.5167647718749999
1 0.33737320625 0.5864710453125 0.3785483203125 0.5890310328125 0.42024234375 0.5826843796875 0.42231006718749997 0.5666264828124999 0.38820227812499997 0.5690748343750001 0.39911166875 0.3915413921875 0.37667728437500003 0.39766963906249997 0.37328926406249996 0.572418115625 0.332179015625 0.568744796875 0.33737320625 0.5864710453125
1 0.413756559375 0.3345021078125 0.39844793125 0.51953000625 0.42046070156250004 0.5206384015625 0.43563960156250003 0.337837165625 0.4637870859375 0.34052852499999997 0.4585604640625 0.3233589421875 0.4312360328125 0.3162569546875 0.39271675156249997 0.31669376250000003 0.3915895546875 0.316608375 0.3887636390625 0.33596356875 0.413756559375 0.3345021078125
1 0.23573659687499998 0.3294035140625 0.25458897343750003 0.14184845468750001 0.28452455 0.1429979015625 0.2822780796875 0.12325846250000001 0.20042658906250002 0.1192945125 0.20258802187499997 0.1502099421875 0.228383815625 0.1544005203125 0.2130629328125 0.32992241718750004 0.23573659687499998 0.3294035140625
1 0.2729708546875 0.36073930625 0.2972055828125 0.3625751421875 0.31083567031250003 0.18692516406249998 0.32310510937500003 0.19009109062500001 0.31770406875 0.1661988328125 0.270795678125 0.1648819015625 0.2690400171875 0.1658671484375 0.2697254234375 0.1832518453125 0.291012434375 0.18710087343749998 0.2729708546875 0.36073930625
1 0.3745352859375 0.278973559375 0.3762404359375 0.084528340625 0.4100563390625 0.0870899734375 0.3966351953125 0.06482666249999999 0.32104815000000003 0.0602190140625 0.3250502796875 0.078973203125 0.3536763234375 0.0928832484375 0.3515899125 0.274439784375 0.3745352859375 0.278973559375
1 0.48327733906250003 0.287770140625 0.480206325 0.1170053546875 0.518628309375 0.11823854375000001 0.5090673125 0.107450084375 0.435527815625 0.0968472 0.43588889843749995 0.11979854999999999 0.4594101265625 0.13388101562500002 0.460007646875 0.2888030171875 0.48327733906250003 0.287770140625
1 0.59591989375 0.2879162484375 0.6163067296875 0.28778323281249996 0.6213206828125 0.11427617187500001 0.6469744984375 0.1111874109375 0.660087165625 0.09988004687499999 0.6630874921875 0.087247525 0.5696274609375 0.078490346875 0.5673125375 0.10850756406249999 0.6072631562499999 0.11265215937499999 0.59591989375 0.2879162484375
1 0.72054791875 0.276669603125 0.715623946875 0.10856005937499999 0.734417284375 0.10662896875000001 0.7325477421875 0.0707035515625 0.6699681453124999 0.07602719531249999 0.67040635 0.10737121093749999 0.6928205562499999 0.111305625 0.6910786421874999 0.27723284531250003 0.72054791875 0.276669603125
1 0.6019191968750001 0.54444849375 0.6080805234375 0.36096415625 0.6533629859375 0.3610396765625 0.651355790625 0.34690958125 0.5368927140624999 0.348862053125 0.5392242281249999 0.3574254984375 0.5888857468750001 0.36006923125 0.577522309375 0.5453959828125 0.6019191968750001 0.54444849375
1 0.51968285625 0.576239184375 0.5287594703125 0.3912983203125 0.5930421156250001 0.3956087578125 0.5846083171875 0.384905684375 0.446396990625 0.37667234375 0.4490975078125 0.3886184734375 0.5078739 0.3902753109375 0.49428849843749995 0.5748746234375 0.51968285625 0.576239184375
1 0.6671510359374999 0.5907649687500001 0.6649896046875 0.5598495375 0.6451988 0.55946858125 0.658715746875 0.42462592343749994 0.6358028078125 0.419535484375 0.630253353125 0.5633685265625 0.6082405843750001 0.56226013125 0.606748715625 0.5878667203125 0.6671510359374999 0.5907649687500001
1 0.670757415625 0.3539705171875 0.6687545546875 0.3689150875 0.68440558125 0.3723371734375 0.6787422453125 0.4792595484375 0.6598357671875 0.5219979625 0.691604121875 0.5305548296875 0.6989957671875 0.52999651875 0.6974332078125001 0.372205803125 0.7120990203125 0.3828218421875 0.72486719375 0.38714379375 0.7210719078125 0.3745556109375 0.7013538859375 0.3534926609375 0.670757415625 0.3539705171875
1 0.7531466390625 0.620762453125 0.7566781359375 0.608729290625 0.7234582656249999 0.6056536859375 0.7349838640625 0.417543609375 0.7139361328125 0.419303925 0.7021712531250001 0.601804659375 0.6727019796875 0.6023679015625001 0.6725520734375 0.614657228125 0.7531466390625 0.620762453125
1 0.77269018125 0.29988503906249997 0.7779768359375 0.132869928125 0.8068326765625 0.1388179734375 0.7989975671875 0.088062471875 0.745251125 0.0952774984375 0.747602309375 0.1311960125 0.766236321875 0.138250803125 0.7563297546875 0.2973916484375 0.77269018125 0.29988503906249997
1 0.8088719421875 0.36532835625 0.8160547296875 0.1984568828125 0.836352909375 0.19874046875 0.8349885921875 0.1785723296875 0.7810829218750001 0.1776239734375 0.7820697890625 0.193374346875 0.800035384375 0.20100552968750002 0.7893149187499999 0.36321984375 0.8088719421875 0.36532835625
1 0.8736169078125 0.2674008921875 0.880827184375 0.12185033906250001 0.9074821828124999 0.12198844375 0.9016660625 0.08016423125 0.8453914390625 0.0871877421875 0.8453599281249999 0.1204176625 0.86410305 0.1255996453125 0.8590071328125 0.2675482171875 0.8736169078125 0.2674008921875
1 0.803285434375 0.5592828140625 0.80519364375 0.3957739265625 0.846835865625 0.40018246875 0.839369321875 0.37578992499999997 0.7428256796875 0.3766278421875 0.7450766375 0.3924739734375 0.782962959375 0.3959709734375 0.776557696875 0.5603932484375 0.803285434375 0.5592828140625