3 0.9131530859374999 0.804841159375 0.9129574 0.85751425 0.9232644953125 0.86926543125 0.958429675 0.8727370249999999 0.9760305062500001 0.8500799859375 0.981291015625 0.8174226140625 0.9745909859375 0.78943918125 0.9761034625 0.752508653125 0.9704814109375001 0.74609891875 0.9594578796875 0.751841146875 0.9362532375000001 0.743695615625 0.929216553125 0.7478798640625001 0.9259892687500001 0.7787863890625 0.9131530859374999 0.804841159375
3 0.10657123906249999 0.790591053125 0.13025350625 0.7870743109375 0.17127955156250002 0.7911245015625 0.18762495625 0.7751740234375 0.32930229375 0.788184971875 0.3267300796875 0.7791489687500001 0.188022975 0.765455465625 0.1787324921875 0.7528288609375 0.07425356250000001 0.7415386609375 0.051747117187500004 0.74029255625 0.03861075625 0.749729340625 0.0360203046875 0.7650861703125 0.0442941734375 0.778588196875 0.10657123906249999 0.790591053125
3 0.61927074375 0.7485063890625 0.6064345609374999 0.7745611593749999 0.6043648593750001 0.8250976718749999 0.6221680218750001 0.8453951656250001 0.6456114765625001 0.8477095609375 0.657572015625 0.8430356218749999 0.6714248109375001 0.8161054296874999 0.6727780765625 0.7830623234375 0.6643632390625 0.7490548890625 0.667431315625 0.7220357875000001 0.6524391781250001 0.7049431609375 0.6531124875 0.6406077984375 0.6463146156249999 0.6389609109375 0.6411519484375 0.6452817375000001 0.6368102078125 0.7034002312500001 0.6203852000000001 0.7212944203125 0.61927074375 0.7485063890625
3 0.5193176484375 0.7464450593749999 0.5082758796875 0.77658011875 0.51035223125 0.821671228125 0.520659325 0.8334224078125001 0.534175465625 0.8386598968750001 0.5598909562500001 0.833392309375 0.57358454375 0.8103495390625 0.57509701875 0.7734190109375 0.566522971875 0.743299 0.5677966359375 0.7121996078125 0.5548377234374999 0.6933561359375 0.5598594218749999 0.6665299 0.5534778078125 0.6307716203125 0.5466799359375 0.62912473125 0.5415172687500001 0.6354455578125 0.5393679625 0.6879257828124999 0.5205913109375 0.7153456671875 0.5193176484375 0.7464450593749999
3 0.7336521015625 0.6856387078124999 0.7367019390625 0.683012440625 0.7393537578125 0.69010473125 0.7334132906249999 0.69146984375 0.7304248171875 0.7165452343750001 0.7161922406250001 0.7288011546875001 0.71296495625 0.75970768125 0.699969565625 0.7896498750000001 0.6982182781249999 0.832411540625 0.70360151875 0.8446524109375 0.71781585625 0.8567893234374999 0.7492330015625 0.855987759375 0.7583825156249999 0.8481089546874999 0.76707264375 0.8274995859375001 0.763158753125 0.7314862328125 0.7462925984375001 0.7122570296874999 0.7487603218750001 0.65200195625 0.7418828453125 0.6522987812500001 0.734686953125 0.6603704515625 0.7399905890625 0.6745550359375 0.7340501203125 0.6759201484374999 0.7336521015625 0.6856387078124999
3 1 0.605025009375 0.9882530375 0.5995340046875001 0.9443363640625 0.5942226578125 0.8990846609375 0.59756158125 0.877833640625 0.5896089171875001 0.8557865796874999 0.601093371875 0.7131722328125 0.5870141359375001 0.7057375296874999 0.6009169453125 0.710422571875 0.6062583906250001 0.8473352625 0.6158716046875 0.8701418859375 0.6337356953125 0.9834519125 0.6449219359375 1 0.6411192031249999 1 0.605025009375
3 0.8071799203125 0.8060886546875 0.8093358734375 0.8492360515625 0.8158153296874999 0.8586577875 0.8369867484375 0.8685541640625001 0.86379845625 0.86046744375 0.8766346390624999 0.8344126718749999 0.8765915109375 0.7875707171874999 0.8694934625 0.7693058453125 0.8725615390625 0.7422867421875 0.8595230234375 0.7253869828124999 0.8616723296875 0.6729067578125 0.8582427109375 0.6608587546875 0.844487759375 0.6614524015625001 0.83990720625 0.7254020328124999 0.8236414062499999 0.7394087984375 0.818142084375 0.7778973062500001 0.8071799203125 0.8060886546875
3 0.14599855625 0.7378878624999999 0.226415440625 0.73802053125 0.2468272953125 0.7185683609375 0.35403765 0.7350071421875 0.3884250296875 0.7335230203124999 0.38593242031249997 0.72254330625 0.3548336875 0.7155700203124999 0.3467803921875 0.7206296921875001 0.253006575 0.7113721125 0.232233178125 0.691757175 0.116191728125 0.675422353125 0.050466806249999996 0.6757643265625 0.041158084375 0.68753055625 0.0439508703125 0.7151282578125 0.08543629999999999 0.731909009375 0.14599855625 0.7378878624999999
3 0.150977128125 0.6642196734375 0.212017009375 0.6585362546875 0.24702298125 0.6658952703125001 0.2694680625 0.6446922546875 0.44326074374999996 0.6638010624999999 0.46803922656249997 0.6574651874999999 0.463752203125 0.6424051828125 0.2682308765625 0.6270059812500001 0.24941110000000002 0.6075839109375 0.2061926234375 0.6091719906249999 0.137197290625 0.5935785328125001 0.05177694687499999 0.5958792671875 0.0401961875 0.6152274796875 0.041353770312499996 0.634857465625 0.067051021875 0.6539827125000001 0.150977128125 0.6642196734375
3 1 0.5256777890625 0.9739342109375 0.5181060140625 0.83421049375 0.505287934375 0.8041897406249999 0.51988835 0.5561594546874999 0.4934506234375 0.512940978125 0.4950387015625 0.50745989375 0.5091343765625 0.8072213390625 0.5416549125000001 0.82229308125 0.5568038265624999 0.9117616359375 0.575394234375 1 0.5713266859374999 1 0.5256777890625
3 1 0.44145870781249996 0.9346163265625 0.4244522046875 0.9004677578125 0.420105190625 0.8884276140624999 0.426722840625 0.8848387875 0.41856225937499997 0.8845203734375 0.4263371078125 0.8608381062499999 0.42985385000000004 0.802229471875 0.42406786093750004 0.7840100484375 0.4378817609375 0.5984160375 0.41955946875 0.5829280359375 0.438521946875 0.59144071875 0.44619283750000005 0.779147559375 0.460820571875 0.8057818203125 0.4810141078125 0.9031444625 0.49843226874999996 0.9716008078125 0.503238875 1 0.497162075 1 0.44145870781249996
3 0.1619624765625 0.395987415625 0.24066455000000003 0.39009608125 0.289345871875 0.39880516250000003 0.3175722125 0.38012445625 0.5598212375 0.40403987187499996 0.5710039765625 0.39441021875 0.55686924375 0.38032959375000003 0.31665344218749997 0.354663334375 0.2997872875 0.33543412968749997 0.24492668593750003 0.3339213 0.154600728125 0.31231889062499996 0.07113400625 0.3148124921875 0.055486796875 0.33766239531250003 0.0583591875 0.3633163828125 0.0879636828125 0.3828273609375 0.1619624765625 0.395987415625
3 0.0939107984375 0.4770898703125 0.1798701296875 0.48557598593750007 0.237082371875 0.477563121875 0.2917837640625 0.4829633765625 0.3061755484375 0.46682003281249995 0.515372221875 0.483569296875 0.550776215625 0.48120975312500003 0.5600053328125 0.471387234375 0.5400097359375 0.4567280109375 0.31111764375 0.44193750937500004 0.2942514875 0.42270830468750004 0.187898540625 0.4092815265625 0.0674722234375 0.40422324375 0.052143431250000004 0.4192983 0.0490753546875 0.44631740000000003 0.05922324062499999 0.4619560046875 0.0939107984375 0.4770898703125
3 0.16034056562500001 0.5792749421875001 0.2292745359375 0.572419278125 0.27209499375 0.580549759375 0.30438778437499997 0.5583673625000001 0.5074847828125 0.5803691640624999 0.5917293046875 0.5828312765625 0.6028324390625001 0.5751453375 0.5947177781249999 0.5577558875 0.303389409375 0.5348499531249999 0.2883972734375 0.5177573265625 0.1858719625 0.5066599921875 0.07130650937500001 0.502180309375 0.0501964578125 0.5147330546875 0.0469691734375 0.5456395796875 0.0764144609375 0.5690379828125 0.16034056562500001 0.5792749421875001
3 1 0.25062543125 0.9996115171875 0.2503483984375 0.7943220875 0.2339848671875 0.7740694390625 0.2495496109375 0.4634436734375 0.21888387968749998 0.44891091875000005 0.21452181406249998 0.4779946640625 0.1988531109375 0.18481051875 0.149417765625 0.08400001875 0.1443444328125 0.0658419609375 0.1806074546875 0.1636639890625 0.21075617656249998 0.3445115921875 0.20128790156249998 0.3628719828125 0.2079794125 0.36058170624999997 0.2399542265625 0.7670145171875 0.27812669375 0.783880671875 0.29735589687499997 0.9416463625 0.32464033593749997 1 0.3124520140625 1 0.25062543125
3 1 0.34403730625 0.9861816296875 0.33879481875 0.4890862078125 0.31118762499999997 0.49996876874999996 0.2849399890625 0.3007790125 0.2633239203125 0.179593134375 0.22891709062499999 0.0766698046875 0.2275383171875 0.0620209703125 0.27390563125 0.16375024062500002 0.30444008437500003 0.2696438046875 0.3051363015625 0.30185699062500004 0.2848976171875 0.4717424296875 0.30362069375 0.45984325468750004 0.33074375312500004 0.474137196875 0.340936953125 0.7633527328125 0.3675374453125 0.7860001484375 0.3892889609375 0.9048526234375001 0.40882864999999996 0.9949580093750001 0.4118693609375 1 0.4077939265625 1 0.34403730625