3 0.2955468015625 0.39158254062500003 0.28773866406250004 0.391900696875 0.28500946250000003 0.3969000921875 0.28915214843750003 0.402597115625 0.287597809375 0.412436825 0.30267553281250004 0.42257646875 0.43411635937500004 0.45730380468750004 0.4448923171875 0.45784235625 0.4476215203125 0.4528429625 0.446905665625 0.43527465468750004 0.43987469843750004 0.43067295625 0.2955468015625 0.39158254062500003
3 0.3021254015625 0.313103478125 0.2546402671875 0.299396146875 0.2350403859375 0.2982395078125 0.2284071140625 0.30339797968750004 0.2273300125 0.32494989375 0.233742890625 0.338375515625 0.24280543125 0.3448497078125 0.3001302765625 0.36011137656250003 0.3266020453125 0.361965646875 0.3373780015625 0.362504196875 0.3458042296875 0.3533621171875 0.34000944375 0.331112571875 0.316266875 0.3242589078125 0.3021254015625 0.313103478125
3 0.108953559375 0.32292990312500003 0.10427232187499999 0.3280088359375 0.105385871875 0.3553373140625 0.11655952656249999 0.3656360359375 0.1838831578125 0.386356109375 0.1940410265625 0.395718584375 0.20786434374999999 0.39906587656250003 0.21818128906249998 0.41233241875 0.242701025 0.4142662296875 0.2738540328125 0.41104156718749996 0.27477205625 0.3855855828125 0.2690568078125 0.3652880734375 0.15002581406249998 0.3232116109375 0.108953559375 0.32292990312500003
3 0.7624789562500001 0.694199271875 0.7474012343750001 0.684059628125 0.6166149453124999 0.6893887609375 0.6042664265625 0.6742497234375 0.5613216750000001 0.6759995890625 0.551243346875 0.6685891484375001 0.45746616875 0.670455 0.4494376390625 0.6893572531250001 0.4524236828125 0.7146541562500001 0.4617248421875 0.7269844515624999 0.47258033906249997 0.7294750375 0.6003192671875001 0.7213371625 0.6134267312499999 0.7071161484374999 0.7247722171875 0.7045344421874999 0.7539731890625 0.7013893171875 0.7624789562500001 0.694199271875
3 0.4620496421875 0.6389838359375 0.3515790875 0.6630379171875 0.33719899531249997 0.6460263859375 0.193146165625 0.6616724640625 0.154741796875 0.6788795234375 0.1485062203125 0.6937981671875 0.1582846171875 0.7178406671875 0.18905814999999998 0.7292960296875 0.3375536 0.702714915625 0.354326515625 0.6824787203125 0.40679282031249997 0.67447505625 0.5333386578125 0.63705666875 0.4620496421875 0.6389838359375
3 0.49215041406250004 0.5859425328125 0.29210668281249996 0.595071328125 0.27967862499999996 0.5779802562499999 0.1253883875 0.5823118265625 0.09588748281250001 0.602089009375 0.1079973828125 0.61137194375 0.10574541562499999 0.6280835437500001 0.1401230859375 0.6560118890625 0.1606592140625 0.6561527421875 0.2821443421875 0.6384933140625 0.29712430156249997 0.6222407265625 0.46858515 0.6074331328125 0.4878668734375 0.6007816375 0.49215041406250004 0.5859425328125
3 0.24613943906250002 0.52264389375 0.23737683125000003 0.4995376421875 0.1734982546875 0.49138648125 0.2796852671875 0.48217150468750003 0.43883404531250003 0.501105265625 0.4552274875 0.49554909687500004 0.45662274687500004 0.4818053171875 0.266700434375 0.45141619374999997 0.255906253125 0.4264374453125 0.182885596875 0.40986005781249996 0.11042171406250001 0.4069469109375 0.1032681171875 0.4473215375 0.1203956359375 0.483773871875 0.03966460625 0.493906871875 0.0295249640625 0.5089845937499999 0.073681028125 0.5609554375 0.1791704109375 0.5586123515625 0.190344065625 0.568911071875 0.23040053437500002 0.568256534375 0.24546003437500002 0.55395598125 0.5363926609375 0.544056659375 0.5428668531249999 0.53499411875 0.24613943906250002 0.52264389375
2 0.8241139125 0.3113868265625 0.833855859375 0.286548934375 0.818857675 0.278361325 0.7342408015624999 0.3130936 0.646717421875 0.32448100625 0.64811268125 0.310737228125 0.6940070296874999 0.2854038734375 0.78870223125 0.2580820390625 0.8002371328125 0.2292605375 0.758149090625 0.22804258125 0.6905437484375 0.24839476562499999 0.6255267546875001 0.28428368125 0.5862043640625 0.3269467234375 0.5123452234375 0.337777353125 0.49704710781249994 0.34622180468749997 0.4832420125 0.3673147078125 0.48989350781249996 0.3865964328125 0.509811546875 0.395561209375 0.5379967328124999 0.39147983750000004 0.585843115625 0.3660669453125 0.6775887203125001 0.3623285984375 0.7434806468749999 0.3479120578125 0.8241139125 0.3113868265625
2 0.8218668843750001 0.5441561265625 0.8004558218750001 0.522542896875 0.8947715515624999 0.5099010875000001 0.9851218984375001 0.5199065187499999 0.9949433843750001 0.49702065937500006 0.9839288093749999 0.49062600625 0.8894357765625 0.4749235515625 0.8308747515625001 0.4773097296875 0.7731886593749999 0.501168284375 0.7400040796875 0.502520453125 0.70024754375 0.48654293125 0.583743584375 0.48249136562499995 0.582746021875 0.505995315625 0.5918881015624999 0.514421540625 0.704426678125 0.5411203484375 0.7809537046874999 0.5477784859375 0.8113477687499999 0.573913875 0.859151059375 0.5954293421875 0.9643405109375 0.6097183125 0.973164434375 0.610336403125 0.9852561109375 0.5951791421875 0.9799385578124999 0.5846418015625 0.8696701750000001 0.56567159375 0.8218668843750001 0.5441561265625
2 0.7598492203125 0.41372444374999995 0.7467235328124999 0.40350526249999996 0.793792746875 0.3830122234375 0.9062948734375 0.3608306375 0.9261151468750001 0.3434031859375 0.9264946203125 0.328723159375 0.8115632234374999 0.33927208124999997 0.7517660171875 0.35930610625 0.730770878125 0.3718932421875 0.7103325125 0.39814461875 0.635916596875 0.39531100937499997 0.5907198796875 0.41377247500000003 0.595896575 0.44484594062499994 0.60503865625 0.45327216875 0.7318413375 0.4461500796875 0.81743090625 0.4592824109375 0.9410271484375 0.4454475109375 0.951405409375 0.4362258921875 0.9545140859375 0.416546471875 0.787416315625 0.418466996875 0.7598492203125 0.41372444374999995
0 0.9602955859375 0.6304135203125 0.8567582375 0.63267706875 0.606347734375 0.5333851078125 0.5869069312499999 0.5361325359375 0.5786397828125 0.549178684375 0.5777217593749999 0.5746346671875 0.5871024578124999 0.588916996875 0.8330521187500001 0.674703796875 0.887665984375 0.7194050562500001 0.9030436390625001 0.7129126390625 0.9355305906250001 0.718432359375 0.9520831109375001 0.7167802578125 0.9560484953125 0.69413301875 0.9790752078124999 0.6834183765625 0.973818971875 0.6503928734375 0.9602955859375 0.6304135203125