3 0.2718051734375 0.5872433609375001 0.2674672890625 0.5926907 0.27001970468750003 0.5978411109375 0.27781000312500004 0.5986128500000001 0.4233772546875 0.567975821875 0.4305627125 0.5637900859375 0.43189091875 0.546290459375 0.4293385015625 0.54114005 0.418553053125 0.541051109375 0.28601398125 0.56808120625 0.270595490625 0.5773284109375 0.2718051734375 0.5872433609375001
3 0.28129147187500003 0.6303021015625 0.22348360312499999 0.6422066203125001 0.2142029921875 0.6481438234375 0.2073272203125 0.661175840625 0.2076514328125 0.6827572078124999 0.2140989984375 0.6882934890625 0.23372232187500003 0.6882784328125 0.281644740625 0.67735364375 0.2961632328125 0.6670377703125 0.32012444218749997 0.6615753765625 0.32669053125 0.639697078125 0.3185905484375 0.6300790593750001 0.3078050984375 0.6299901171875 0.28129147187500003 0.6303021015625
3 0.20123522343750003 0.5733958296874999 0.1904643015625 0.586041978125 0.1765361203125 0.588580240625 0.16606035624999999 0.5973375812499999 0.098071878125 0.614110634375 0.0865485359375 0.623743709375 0.0844824390625 0.6509653515625 0.0889824296875 0.6563086953124999 0.1300290765625 0.6584159234375 0.2504254359375 0.623326340625 0.2568439453125 0.6033924453124999 0.25681489062499996 0.5779222703125 0.22580127343749998 0.5728909109375 0.20123522343750003 0.5733958296874999
3 0.59382484375 0.287089609375 0.46648007031249994 0.271535775 0.45554704218750003 0.2733912375 0.44582369687499995 0.2851616515625 0.441957603125 0.3102459546875 0.44931969531249993 0.329585990625 0.54295085625 0.3369024578125 0.5532790421875 0.3300895203125 0.5961256859375 0.3343340859375 0.6089917609375 0.3199364703125 0.7394792609375 0.332863103125 0.7548977531250001 0.323615896875 0.7466501921875001 0.3159422796875 0.71758415 0.3111038546875 0.606424815625 0.3020509734375 0.59382484375 0.287089609375
3 0.14144079375000002 0.28831160625 0.1471504671875 0.3035699 0.184921334375 0.32298382187499997 0.328303965625 0.3469830125 0.34326519375000003 0.330833928125 0.45280116562500006 0.36127524375000003 0.523961428125 0.36734516093749997 0.3988303328125 0.32262528281249997 0.3466885515625 0.3115828328125 0.3306361640625 0.2904023890625 0.18319627656249998 0.2552266453125 0.1520496109375 0.264874775 0.14144079375000002 0.28831160625
3 0.13174650625 0.32555219375 0.0964240609375 0.35143834687500003 0.09809100625 0.3682551734375 0.085667665625 0.3768195796875 0.1144530796875 0.3982818984375 0.268459053125 0.411579346875 0.2814727078125 0.395237328125 0.48102531875 0.415985346875 0.4772632203125 0.4009199875 0.4582302078125 0.3931574296875 0.287433953125 0.3684015546875 0.273033984375 0.351302853125 0.15226982656250002 0.32660580625 0.13174650625 0.32555219375
3 0.2651228625 0.5072409640625 0.1593489890625 0.49186500781250003 0.2234568484375 0.48744117343750004 0.2330180859375 0.4648800765625 0.529920375 0.46980466249999997 0.523767965625 0.46037957656249995 0.233431765625 0.4335766921875 0.2188842171875 0.41842239374999995 0.1788851484375 0.41543943125 0.16736180625 0.42507250625 0.062045196875 0.4165984296875 0.0161139359375 0.4659214140625 0.025718759375 0.481565578125 0.10602658281249999 0.496377784375 0.08764199687499999 0.5317779625 0.093380725 0.57250643125 0.165883721875 0.573811809375 0.23941976718750002 0.5615063671875 0.251076159375 0.5371938015625 0.4418948921875 0.5178961531249999 0.44098036562500004 0.504092396875 0.424794928125 0.49759144375000003 0.2651228625 0.5072409640625
2 0.71338694375 0.702492609375 0.7967189734375 0.742092190625 0.8119898859375001 0.7347893890625 0.80312295625 0.7094232093749999 0.7238336515625 0.668265096875 0.6585015859375 0.65003889375 0.5669655765625 0.6409709578125 0.52004715 0.6128147515625 0.49202868593750004 0.6071005921875 0.4718150484375 0.6148932578124999 0.464496540625 0.633758484375 0.4775537765625 0.6556217265625001 0.49254406093750003 0.6649428171875 0.565961584375 0.680051953125 0.6037615062499999 0.724936046875 0.6674702109374999 0.7645506828124999 0.73430711875 0.7888030265625 0.776401340625 0.790034521875 0.7658819921875 0.7605866015625 0.672221775 0.7277999609375 0.6272509234375 0.6998366890625001 0.6263363984375 0.6860329328125 0.71338694375 0.702492609375
2 0.9802819093749999 0.5340095687499999 0.9712674 0.5105877921875 0.8806459171875 0.5153236125 0.7868526499999999 0.49721646093749994 0.808999334375 0.4768816421875 0.8575120671875001 0.458179240625 0.9683471875 0.44565075312499997 0.97402780625 0.435438875 0.9624754093749999 0.419601775 0.9536375328125001 0.4197057703125 0.8480402953124999 0.4278555875 0.7995275640624999 0.44655798750000003 0.7682478453125 0.4708856078125 0.6915545437499999 0.47308316406250006 0.578181534375 0.4931963296875 0.5687533453125 0.5010779359375 0.5689299796875 0.5246037078125 0.6854747734375 0.5273335140625 0.725754471875 0.513692584375 0.758863240625 0.516972475 0.8156671171875001 0.5441489515625 0.8740943578125 0.549936996875 0.9690537234375001 0.5397538374999999 0.9802819093749999 0.5340095687499999
2 0.7290134234375001 0.6129460765625 0.742484340625 0.6035059375 0.770193121875 0.600373815625 0.9370797 0.6120087328125 0.9346603328124999 0.5921788328125001 0.9246127765625 0.5823678796875 0.8016058875000001 0.5613667046875 0.715631975 0.5695014671874999 0.5891872015625 0.5550163 0.5797590125000001 0.5628979078125 0.573502609375 0.5936224875 0.618016196875 0.6146838796874999 0.69246676875 0.61618219375 0.7119715703125 0.643581715625 0.732509421875 0.6573704171875 0.7915560312500001 0.6808510234375 0.9060202 0.6980673859375 0.90615325 0.6833878953125 0.8869581328124999 0.6648346546874999 0.7753270078125001 0.6361448078125 0.7290134234375001 0.6129460765625
0 0.9451261703125 0.312095859375 0.9286455765625 0.3094837125 0.8959940703125 0.31310570000000004 0.8808562078125 0.3057290109375 0.8247298109375001 0.34718544375 0.5759992140625 0.418537275 0.5661282890625 0.43225209218750005 0.5661573468750001 0.457722265625 0.573962171875 0.47122909062499996 0.5932903406250001 0.4751028421875 0.8469491343750001 0.390526059375 0.95031816875 0.3988072 0.9645269781250001 0.379645046875 0.970930959375 0.34697606406250003 0.94829795625 0.33493883125 0.9451261703125 0.312095859375