3 0.9074989828125 0.170249040625 0.9193782953125 0.17443046874999998 0.92397319375 0.16736581875 0.9166786109375 0.1311955359375 0.9189658890624999 0.1027390109375 0.9086080390625 0.0712784984375 0.887526721875 0.05131733125 0.8530466656250001 0.0594386609375 0.8446226828125001 0.07239052343749999 0.8530731109374999 0.12424158125 0.8699414187500001 0.1481862578125 0.8779997859374999 0.1781942578125 0.8856640546874999 0.18137435625 0.9074989828125 0.170249040625
3 0.13510422187499999 0.25047607968749996 0.116324421875 0.2369522671875 0.076097690625 0.2464271515625 0.0519592109375 0.24613027187499997 0.0060864265624999995 0.26149771093749996 0.00704438125 0.3026553546875 0.02745918125 0.2987629375 0.1297496078125 0.2736726921875 0.13702384843749998 0.2599945734375 0.27302851562499997 0.22796044062499998 0.2741741875 0.21871701875 0.13510422187499999 0.25047607968749996
3 0.5745736625 0.2456740828125 0.5937373874999999 0.2611015921875 0.607170709375 0.317761378125 0.6133033453125 0.3232963625 0.6198158375 0.320765365625 0.6090618562500001 0.2574921125 0.621314921875 0.2386530421875 0.61402440625 0.2124524390625 0.61707546875 0.17783363125 0.610548734375 0.14547074843750002 0.592530684375 0.1207998140625 0.57988555625 0.117795828125 0.5568988515625 0.12321004687499999 0.5423483359375 0.1455814453125 0.5523303984375 0.1950776203125 0.56919870625 0.2190222953125 0.5745736625 0.2456740828125
3 0.46996951249999996 0.23441793125000002 0.47611231875 0.2648771171875 0.49911122968750005 0.2893719375 0.5094772171875 0.34077181093750003 0.5156098515624999 0.34630679531249997 0.5221223453125 0.3437757984375 0.5228739203125 0.3077044765625 0.5136678484375 0.281955059375 0.5236214296874999 0.26166347343749996 0.517478621875 0.23120428906249998 0.5212975328125 0.200392878125 0.51400295 0.16422259687500002 0.49675275 0.1433590625 0.470314784375 0.141609671875 0.457673725 0.1485753640625 0.44924974375 0.161527225 0.45424891093750003 0.20621467343750002 0.46996951249999996 0.23441793125000002
3 0.6849163515625001 0.2356373171875 0.6918229421875 0.25993421875 0.69795354375 0.2604843625 0.6964239453125 0.26782408750000003 0.69297471875 0.2656453171875 0.694894346875 0.2751638109375 0.7010249468749999 0.2757139546875 0.69796575 0.290393403125 0.70639786875 0.2973809015625 0.7132942875 0.296753603125 0.7013925999999999 0.237738934375 0.7151772984375 0.216544978125 0.7040271859375 0.1214589859375 0.6921417703125 0.1023230359375 0.6817940921875 0.09578672499999999 0.6503773015625 0.09919828593749999 0.6381222015625 0.1130525171875 0.634679078125 0.125828265625 0.6431254390625 0.16770964375 0.6607615984375 0.19546171875 0.6688199640625 0.22546971718750003 0.6849163515625001 0.2356373171875
3 0.871548321875 0.3302704546875 0.9171418734375001 0.327507996875 0.9600499812500001 0.316404484375 0.979585425 0.30382665468750003 0.9780456546874999 0.2862421796875 0.9665462 0.27399476875 0.9481543953125 0.2723443359375 0.8370519921874999 0.2985130640625 0.817136690625 0.319156875 0.6822797328125 0.3469324234375 0.6784506484375 0.35281963437499997 0.68803454375 0.36551822968750003 0.8278703296875 0.332581728125 0.8516289531250001 0.3409445859375 0.871548321875 0.3302704546875
3 0.7626660640625 0.16348293593750002 0.7741756921875 0.20065454531250002 0.7925715640625 0.21227465781250002 0.8071566625000001 0.2746455421875 0.8209494984375001 0.27339094531249997 0.8224770640625 0.26106638125 0.8121110765624999 0.20966650625 0.8224485843749999 0.1912786203125 0.81515806875 0.16507802031250002 0.8193649734375 0.1461399890625 0.8120663234375 0.1000000265625 0.7951980140625 0.0760553515625 0.7672263828125 0.07167600156250001 0.7476909375 0.0842538328125 0.742714146875 0.0943996265625 0.7473293890625 0.137183375 0.7626660640625 0.16348293593750002
3 0.31098424375 0.2868208046875 0.34086533124999996 0.275794446875 0.3416270796875 0.2646473234375 0.3071449890625 0.2677838140625 0.20294103749999998 0.2983100828125 0.1795622703125 0.28188124375 0.0994886625 0.2927650296875 0.04010634375 0.30675176406250004 0.0075717859375000005 0.3253147890625 0.0084129265625 0.3614536328125 0.0140767171875 0.3667241515625 0.0795916703125 0.3582724015625 0.1926075984375 0.32666765 0.21022341562500002 0.3045713234375 0.3021702328125 0.282914446875 0.31098424375 0.2868208046875
3 0.011411615625 0.4082315 0.0133353109375 0.42771967499999997 0.027902101562499997 0.44522699687499995 0.11334049375 0.4360707953125 0.1796151625 0.41148708437500003 0.22290922968750002 0.4072721125 0.2386094875 0.38562697031250004 0.43093320625000003 0.344315875 0.4328426625 0.32891016875 0.407170515625 0.3259833359375 0.23706971718749997 0.3680424953125 0.211391465625 0.3501611421875 0.1776792609375 0.3620898703125 0.11599338906250001 0.36465440781249997 0.034008290625 0.3859590609375 0.011411615625 0.4082315
3 0.9585508968750001 0.3985168109375 0.9972419265625 0.3814271296875 0.9964659390625 0.357680371875 0.982283075 0.34207674843749997 0.8876487796875001 0.350407734375 0.8014527078125001 0.3806807359375 0.788815715625 0.397616109375 0.495353346875 0.46972854843749995 0.5030216843749999 0.4828783296875 0.5463157515625 0.47866335624999995 0.789207778125 0.41945916875 0.8213964890625001 0.4298246859375 0.9585508968750001 0.3985168109375
3 1 0.41657202968749996 0.9585570000000001 0.41347133124999996 0.8911285203125001 0.42735910468749994 0.7968862875 0.4575331484375 0.7735237953125 0.4809830296875 0.5888623109375 0.5204893875 0.581586034375 0.5291826656249999 0.5999839421875001 0.54578761875 0.78196201875 0.502925046875 0.80227345 0.5140939765625 0.8597402109375001 0.5005584265625 0.883878690625 0.500855303125 0.88541439375 0.5084701 0.8877098078125 0.499952934375 0.9007388625000001 0.5048606203125 0.9340691765625 0.49601303437500005 1 0.46910227187500003 1 0.41657202968749996
3 0.07090785468750001 0.6733958078125 0.07206776875000001 0.6990462640625 0.0912335265625 0.719458615625 0.1747563609375 0.7107536 0.26133432343749996 0.6773994546875 0.3157378171875 0.668573675 0.3295225171875 0.6473797171875 0.564752309375 0.58998026875 0.576623484375 0.5742223390625 0.563976321875 0.5662335125 0.3264470453125 0.6221804453125 0.29540604375 0.607556346875 0.2482849265625 0.62264336875 0.1689751015625 0.6273648734374999 0.097335646875 0.6502209984375 0.07090785468750001 0.6733958078125
3 0.056308515625 0.57613104375 0.0486523828125 0.5928903046875 0.0559428984375 0.6190909046875 0.07357295625 0.631888459375 0.1927235546875 0.61080353125 0.2965456140625 0.583358403125 0.3103303140625 0.5621644484375 0.5359863796875 0.516990603125 0.5536042328125 0.4998791171875 0.542872628125 0.49143910625 0.5072407953125 0.4938493390625 0.30150816406250003 0.5383187296874999 0.284643925 0.5243437328125 0.23100828125 0.5369769125 0.1727696015625 0.5367353828125 0.08848501875 0.5565875218749999 0.056308515625 0.57613104375
3 0.0309877453125 0.49535046875 0.0390461109375 0.52535846875 0.0620389171875 0.5348987703125 0.1754428390625 0.515167396875 0.27581770781250003 0.4905283359375 0.288070775 0.4716892640625 0.57464079375 0.410173803125 0.5799974421874999 0.391962028125 0.5677342046875 0.3858769 0.48421340468749996 0.39956675625 0.285379228125 0.448393690625 0.2497392578125 0.43086456406250007 0.20836481718750002 0.44459802968749995 0.13863278437499998 0.44706361093749997 0.0566476875 0.4683682625 0.0309877453125 0.49535046875
3 1 0.5964061375 0.9567146765625001 0.59337675625 0.803857975 0.64134493125 0.7900732765625 0.6625388875 0.39125314375000003 0.754481659375 0.3985456921875 0.7856671015625001 0.38130769999999997 0.7947126046874999 0.19970134374999998 0.809569834375 0.106996846875 0.8523435156250001 0.13076564375 0.8856305734375001 0.23037672812499999 0.867153796875 0.51463709375 0.7792616203125 0.48321420000000004 0.7677186625 0.49700500156249994 0.7614792265625 0.8015788328125 0.6897408171875 0.82418975 0.702362259375 1 0.6644253015625 1 0.5964061375
3 1 0.5026138046875 0.9961410078125 0.500337034375 0.9068735328124999 0.5153804453124999 0.7915601546875 0.550517521875 0.77241270625 0.5749687328124999 0.48852609375 0.6398404078125 0.4758870671875 0.6517909390625001 0.49198956093749996 0.676913059375 0.3257198796875 0.71806985 0.29046383593749997 0.7024444203125 0.1851040390625 0.7172899109374999 0.08856842499999999 0.7609659625 0.11042573124999999 0.8046738859375001 0.21272022656249998 0.7895533218749999 0.3280275015625 0.7394617218749999 0.5230305625 0.6915371578125 0.5080778109375 0.667141296875 0.998852896875 0.5734810078125 1 0.5728595578125 1 0.5026138046875