3 0.72265625 0.3994140625 0.7197265625 0.39453125 0.7119140625 0.39453125 0.5693359375 0.439453125 0.5625 0.4443359375 0.5625 0.4619140625 0.5654296875 0.466796875 0.576171875 0.4658203125 0.7060546875 0.42578125 0.720703125 0.4150390625 0.71875 0.4052734375 0.72265625 0.3994140625
3 0.77734375 0.3251953125 0.775390625 0.3037109375 0.7685546875 0.298828125 0.7490234375 0.30078125 0.7021484375 0.31640625 0.6884765625 0.328125 0.6650390625 0.3359375 0.66015625 0.3583984375 0.6689453125 0.3671875 0.6796875 0.3662109375 0.7060546875 0.36328125 0.7626953125 0.345703125 0.771484375 0.3388671875 0.77734375 0.3251953125
3 0.8232421875 0.384765625 0.8896484375 0.361328125 0.900390625 0.3505859375 0.900390625 0.3232421875 0.8955078125 0.318359375 0.8544921875 0.3203125 0.7373046875 0.3671875 0.732421875 0.3876953125 0.734375 0.4130859375 0.765625 0.4150390625 0.7900390625 0.412109375 0.7998046875 0.3984375 0.8134765625 0.39453125 0.8232421875 0.384765625
3 0.5615234375 0.6796875 0.4677734375 0.681640625 0.4580078125 0.689453125 0.4150390625 0.689453125 0.4033203125 0.705078125 0.2724609375 0.705078125 0.2578125 0.7158203125 0.2666015625 0.72265625 0.2958984375 0.724609375 0.4072265625 0.72265625 0.4208984375 0.736328125 0.548828125 0.7392578125 0.5595703125 0.736328125 0.568359375 0.7236328125 0.5703125 0.6982421875 0.5615234375 0.6796875
3 0.8251953125 0.66015625 0.6806640625 0.650390625 0.6669921875 0.66796875 0.5556640625 0.6484375 0.484375 0.6494140625 0.6123046875 0.681640625 0.6650390625 0.6875 0.6826171875 0.70703125 0.83203125 0.7275390625 0.8623046875 0.71484375 0.87109375 0.6904296875 0.8642578125 0.67578125 0.8251953125 0.66015625
3 0.919921875 0.5966796875 0.8896484375 0.578125 0.7353515625 0.580078125 0.7236328125 0.59765625 0.5234375 0.5966796875 0.5283203125 0.611328125 0.5478515625 0.6171875 0.7197265625 0.625 0.7353515625 0.640625 0.857421875 0.6533203125 0.8779296875 0.65234375 0.9111328125 0.623046875 0.908203125 0.6064453125 0.919921875 0.5966796875
3 0.9716796875 0.486328125 0.890625 0.4794921875 0.90625 0.4423828125 0.8974609375 0.40234375 0.8251953125 0.408203125 0.7529296875 0.427734375 0.7431640625 0.453125 0.5546875 0.4912109375 0.556640625 0.5048828125 0.5732421875 0.509765625 0.7314453125 0.484375 0.837890625 0.4892578125 0.7744140625 0.5 0.7666015625 0.5234375 0.470703125 0.5478515625 0.4775390625 0.556640625 0.7685546875 0.5546875 0.7841796875 0.568359375 0.82421875 0.5673828125 0.8349609375 0.556640625 0.9404296875 0.5546875 0.982421875 0.5009765625 0.9716796875 0.486328125
2 0.4931640625 0.349609375 0.4189453125 0.341796875 0.3779296875 0.30078125 0.3115234375 0.267578125 0.2431640625 0.25 0.201171875 0.2529296875 0.2138671875 0.28125 0.3095703125 0.3046875 0.3564453125 0.328125 0.3583984375 0.341796875 0.2705078125 0.333984375 0.1845703125 0.302734375 0.169921875 0.3115234375 0.1806640625 0.3359375 0.2626953125 0.369140625 0.3291015625 0.380859375 0.4208984375 0.380859375 0.4697265625 0.404296875 0.498046875 0.4072265625 0.517578125 0.3974609375 0.5234375 0.3779296875 0.5087890625 0.357421875 0.4931640625 0.349609375
2 0.3095703125 0.560546875 0.4208984375 0.529296875 0.4296875 0.5205078125 0.427734375 0.4970703125 0.3115234375 0.505859375 0.2724609375 0.5234375 0.2392578125 0.5234375 0.1806640625 0.501953125 0.1220703125 0.501953125 0.0283203125 0.521484375 0.017578125 0.5283203125 0.0283203125 0.55078125 0.1181640625 0.537109375 0.212890625 0.5458984375 0.1923828125 0.568359375 0.1455078125 0.591796875 0.0361328125 0.615234375 0.03125 0.6259765625 0.0439453125 0.640625 0.052734375 0.6396484375 0.1572265625 0.62109375 0.2041015625 0.59765625 0.2333984375 0.5703125 0.3095703125 0.560546875
2 0.41796875 0.4287109375 0.3720703125 0.412109375 0.2978515625 0.41796875 0.2763671875 0.392578125 0.2548828125 0.380859375 0.1943359375 0.36328125 0.0791015625 0.357421875 0.080078125 0.3720703125 0.1005859375 0.388671875 0.2138671875 0.40625 0.26171875 0.4248046875 0.2490234375 0.435546875 0.2216796875 0.44140625 0.0546875 0.4462890625 0.05859375 0.4658203125 0.0693359375 0.474609375 0.193359375 0.4833984375 0.2783203125 0.466796875 0.4052734375 0.46875 0.4140625 0.4599609375 0.41796875 0.4287109375
0 0.4287109375 0.603515625 0.4375 0.5888671875 0.435546875 0.5634765625 0.4267578125 0.55078125 0.4072265625 0.548828125 0.1611328125 0.658203125 0.0576171875 0.66015625 0.044921875 0.6806640625 0.041015625 0.7138671875 0.064453125 0.7236328125 0.0693359375 0.74609375 0.0859375 0.7470703125 0.1181640625 0.740234375 0.1337890625 0.74609375 0.1865234375 0.69921875 0.4287109375 0.603515625