3 0.96484375 0.2001953125 0.9482421875 0.17578125 0.9130859375 0.17578125 0.90234375 0.1865234375 0.900390625 0.2392578125 0.912109375 0.2666015625 0.9140625 0.2978515625 0.9208984375 0.302734375 0.9443359375 0.296875 0.955078125 0.3037109375 0.9609375 0.2978515625 0.9609375 0.2607421875 0.96875 0.2333984375 0.96484375 0.2001953125
3 0.318359375 0.1982421875 0.1767578125 0.197265625 0.1611328125 0.1796875 0.1201171875 0.1796875 0.0966796875 0.173828125 0.0341796875 0.1796875 0.025390625 0.1923828125 0.02734375 0.2080078125 0.0400390625 0.21875 0.0625 0.2197265625 0.1669921875 0.21875 0.1767578125 0.20703125 0.3154296875 0.20703125 0.318359375 0.1982421875
3 0.66015625 0.2373046875 0.66015625 0.2041015625 0.6474609375 0.17578125 0.6357421875 0.169921875 0.6123046875 0.169921875 0.59375 0.1884765625 0.59375 0.2392578125 0.60546875 0.2666015625 0.60546875 0.2939453125 0.62109375 0.3134765625 0.623046875 0.3720703125 0.6279296875 0.37890625 0.634765625 0.3779296875 0.63671875 0.3134765625 0.65234375 0.2978515625 0.650390625 0.2705078125 0.66015625 0.2373046875
3 0.552734375 0.2666015625 0.5625 0.2373046875 0.5625 0.2001953125 0.5498046875 0.17578125 0.5244140625 0.16796875 0.5107421875 0.171875 0.5 0.1826171875 0.49609375 0.2275390625 0.505859375 0.2587890625 0.505859375 0.2900390625 0.5234375 0.3193359375 0.5234375 0.3720703125 0.5283203125 0.37890625 0.53515625 0.3779296875 0.54296875 0.3427734375 0.5390625 0.3154296875 0.552734375 0.2978515625 0.552734375 0.2666015625
3 0.748046875 0.1806640625 0.7392578125 0.171875 0.7080078125 0.16796875 0.693359375 0.1787109375 0.6875 0.1904296875 0.6875 0.2333984375 0.69921875 0.2646484375 0.701171875 0.2958984375 0.71484375 0.3095703125 0.716796875 0.3349609375 0.72265625 0.3369140625 0.7197265625 0.34375 0.716796875 0.3408203125 0.716796875 0.3505859375 0.72265625 0.3525390625 0.716796875 0.3662109375 0.7236328125 0.375 0.73046875 0.3759765625 0.73046875 0.3154296875 0.748046875 0.2978515625 0.755859375 0.2021484375 0.748046875 0.1806640625
3 0.9638671875 0.40625 0.8505859375 0.40625 0.8271484375 0.421875 0.6904296875 0.41796875 0.685546875 0.4228515625 0.6923828125 0.4375 0.8349609375 0.4375 0.8564453125 0.451171875 0.8779296875 0.4453125 0.9228515625 0.453125 0.966796875 0.4521484375 0.98828125 0.4443359375 0.990234375 0.4267578125 0.9814453125 0.412109375 0.9638671875 0.40625
3 0.85546875 0.2705078125 0.86328125 0.2529296875 0.865234375 0.2060546875 0.853515625 0.1787109375 0.8271484375 0.16796875 0.8056640625 0.17578125 0.798828125 0.1845703125 0.794921875 0.2275390625 0.8046875 0.2568359375 0.80859375 0.2958984375 0.82421875 0.3115234375 0.826171875 0.3759765625 0.83984375 0.3779296875 0.84375 0.3662109375 0.84375 0.3134765625 0.857421875 0.2978515625 0.85546875 0.2705078125
3 0.3408203125 0.2734375 0.3720703125 0.26953125 0.375 0.2587890625 0.3408203125 0.25390625 0.2333984375 0.259765625 0.2138671875 0.23828125 0.1337890625 0.23046875 0.0732421875 0.23046875 0.03125 0.2431640625 0.02734375 0.2705078125 0.0361328125 0.283203125 0.1015625 0.2900390625 0.2177734375 0.28515625 0.2392578125 0.267578125 0.3330078125 0.267578125 0.3408203125 0.2734375
3 0.4462890625 0.357421875 0.451171875 0.3427734375 0.4267578125 0.333984375 0.2529296875 0.3359375 0.2314453125 0.3125 0.1962890625 0.31640625 0.1357421875 0.3046875 0.0517578125 0.306640625 0.025390625 0.3232421875 0.0234375 0.3427734375 0.0341796875 0.36328125 0.119140625 0.3740234375 0.1884765625 0.365234375 0.2314453125 0.37109375 0.2509765625 0.353515625 0.4462890625 0.357421875
3 0.8896484375 0.46875 0.7998046875 0.478515625 0.7841796875 0.4921875 0.484375 0.4951171875 0.4892578125 0.509765625 0.5322265625 0.515625 0.7802734375 0.513671875 0.8095703125 0.53125 0.94921875 0.5322265625 0.990234375 0.5244140625 0.994140625 0.5009765625 0.9833984375 0.482421875 0.8896484375 0.46875
3 0.9462890625 0.546875 0.8779296875 0.544921875 0.7802734375 0.552734375 0.7529296875 0.5703125 0.5654296875 0.56640625 0.556640625 0.5732421875 0.5712890625 0.59375 0.7568359375 0.59375 0.7744140625 0.609375 0.8330078125 0.609375 0.8564453125 0.615234375 0.8564453125 0.623046875 0.8603515625 0.615234375 0.8720703125 0.623046875 0.90625 0.6220703125 0.9853515625 0.609375 0.994140625 0.5966796875 0.986328125 0.5595703125 0.9462890625 0.546875
3 0.5283203125 0.62890625 0.54296875 0.6162109375 0.5322265625 0.60546875 0.2900390625 0.60546875 0.2626953125 0.583984375 0.2138671875 0.587890625 0.1357421875 0.57421875 0.0615234375 0.580078125 0.03125 0.5966796875 0.02734375 0.6220703125 0.0419921875 0.646484375 0.125 0.6572265625 0.2158203125 0.64453125 0.2705078125 0.6484375 0.2880859375 0.630859375 0.5283203125 0.62890625
3 0.53515625 0.5380859375 0.5263671875 0.52734375 0.4912109375 0.521484375 0.2822265625 0.517578125 0.2685546875 0.5 0.2138671875 0.5 0.1572265625 0.486328125 0.0712890625 0.486328125 0.0361328125 0.498046875 0.025390625 0.5126953125 0.02734375 0.5400390625 0.0419921875 0.556640625 0.162109375 0.5634765625 0.2685546875 0.560546875 0.2861328125 0.54296875 0.5146484375 0.55078125 0.53515625 0.5380859375
3 0.58203125 0.4384765625 0.5712890625 0.4296875 0.4873046875 0.423828125 0.2841796875 0.42578125 0.2529296875 0.400390625 0.2099609375 0.404296875 0.1416015625 0.390625 0.0576171875 0.392578125 0.02734375 0.4130859375 0.029296875 0.4443359375 0.0498046875 0.458984375 0.1640625 0.4658203125 0.2666015625 0.46484375 0.2822265625 0.44921875 0.5732421875 0.455078125 0.58203125 0.4384765625
3 0.7392578125 0.78125 0.7587890625 0.798828125 0.9638671875 0.802734375 0.998046875 0.7822265625 1 0.7509765625 0.9091796875 0.72265625 0.7509765625 0.734375 0.7333984375 0.751953125 0.3271484375 0.75 0.328125 0.7822265625 0.3095703125 0.787109375 0.1298828125 0.759765625 0.03125 0.7802734375 0.0478515625 0.818359375 0.1484375 0.8232421875 0.4423828125 0.802734375 0.4140625 0.7841796875 0.4287109375 0.78125 0.7392578125 0.78125
3 0.9541015625 0.712890625 0.9892578125 0.703125 1 0.6728515625 0.9658203125 0.640625 0.8759765625 0.634765625 0.7568359375 0.642578125 0.7333984375 0.662109375 0.4443359375 0.66015625 0.4296875 0.6689453125 0.4404296875 0.697265625 0.2705078125 0.69921875 0.2392578125 0.67578125 0.1337890625 0.666015625 0.03125 0.6865234375 0.0439453125 0.734375 0.146484375 0.7431640625 0.2685546875 0.720703125 0.4677734375 0.71875 0.4580078125 0.69140625 0.9541015625 0.712890625