2 0.3401442307692308 0.6790865384615384 0.11298076923076923 0.30288461538461536
2 0.8088942307692307 0.6875 0.10336538461538461 0.31490384615384615
2 0.4567307692307692 0.6899038461538461 0.1201923076923077 0.30528846153846156
2 0.5697115384615384 0.6911057692307693 0.10336538461538461 0.2932692307692308
2 0.6838942307692307 0.6911057692307693 0.125 0.2932692307692308
2 0.20793269230769232 0.6923076923076923 0.1346153846153846 0.3125
2 0.3737980769230769 0.30288461538461536 0.13942307692307693 0.32211538461538464
2 0.26802884615384615 0.3076923076923077 0.1201923076923077 0.3173076923076923
2 0.16466346153846154 0.3173076923076923 0.12740384615384615 0.33653846153846156
2 0.7932692307692307 0.32211538461538464 0.1875 0.40384615384615385
2 0.6466346153846154 0.3245192307692308 0.16346153846153846 0.40384615384615385
2 0.5048076923076923 0.3245192307692308 0.17307692307692307 0.39903846153846156