2 0.7103365384615384 0.296875 0.1201923076923077 0.32211538461538464
2 0.2127403846153846 0.28846153846153844 0.11057692307692307 0.33653846153846156
2 0.5865384615384616 0.2848557692307692 0.12980769230769232 0.3269230769230769
2 0.46634615384615385 0.2848557692307692 0.11057692307692307 0.3125
2 0.34615384615384615 0.28365384615384615 0.12980769230769232 0.3125
2 0.8497596153846154 0.2824519230769231 0.14423076923076922 0.3317307692307692
2 0.6742788461538461 0.6971153846153846 0.14903846153846154 0.34134615384615385
2 0.7860576923076923 0.6923076923076923 0.12980769230769232 0.33653846153846156
2 0.8954326923076923 0.6826923076923077 0.1346153846153846 0.3581730769230769
2 0.22956730769230768 0.6766826923076923 0.1971153846153846 0.42788461538461536
2 0.38461538461538464 0.6754807692307693 0.17307692307692307 0.4326923076923077
2 0.5348557692307693 0.6742788461538461 0.18269230769230768 0.4230769230769231