2 0.6754807692307693 0.1622596153846154 0.4567307692307692 0.09375
2 0.7091346153846154 0.9074519230769231 0.5769230769230769 0.1346153846153846
2 0.7091346153846154 0.5949519230769231 0.5769230769230769 0.13942307692307693
2 0.7127403846153846 0.421875 0.5673076923076923 0.1346153846153846
2 0.7163461538461539 0.28846153846153844 0.5625 0.10576923076923077
2 0.7956730769230769 0.7512019230769231 0.40384615384615385 0.15144230769230768
2 0.8485576923076923 0.04927884615384615 0.2956730769230769 0.09615384615384616
2 0.21033653846153846 0.7872596153846154 0.4206730769230769 0.10576923076923077
2 0.19831730769230768 0.19951923076923078 0.3798076923076923 0.11057692307692307
2 0.20192307692307693 0.3581730769230769 0.40384615384615385 0.22115384615384615
2 0.25721153846153844 0.07451923076923077 0.5144230769230769 0.1466346153846154
2 0.25961538461538464 0.6574519230769231 0.5192307692307693 0.11778846153846154
2 0.27524038461538464 0.921875 0.5504807692307693 0.12980769230769232
2 0.2800480769230769 0.4795673076923077 0.5576923076923077 0.21875