2 0.38221153846153844 0.22235576923076922 0.5 0.10336538461538461
2 0.3317307692307692 0.9807692307692307 0.6634615384615384 0.03365384615384615
2 0.3329326923076923 0.6971153846153846 0.6586538461538461 0.15384615384615385
2 0.328125 0.5072115384615384 0.6490384615384616 0.14423076923076922
2 0.3245192307692308 0.36177884615384615 0.6442307692307693 0.11538461538461539
2 0.23677884615384615 0.8677884615384616 0.46634615384615385 0.1658653846153846
2 0.17908653846153846 0.08533653846153846 0.35096153846153844 0.12980769230769232
2 0.8293269230769231 0.9086538461538461 0.33653846153846156 0.1201923076923077
2 0.8461538461538461 0.265625 0.30288461538461536 0.12740384615384615
2 0.8389423076923077 0.43990384615384615 0.3173076923076923 0.24519230769230768
2 0.7776442307692307 0.12860576923076922 0.43990384615384615 0.16105769230769232
2 0.7764423076923077 0.7668269230769231 0.4423076923076923 0.12980769230769232
2 0.7536057692307693 0.5709134615384616 0.4879807692307692 0.24278846153846154