3 0.33533653846153844 0.25721153846153844 0.03365384615384615 0.28365384615384615
3 0.2800480769230769 0.2608173076923077 0.03365384615384615 0.27163461538461536
0 0.7403846153846154 0.3016826923076923 0.10576923076923077 0.3605769230769231
2 0.6358173076923077 0.32211538461538464 0.10576923076923077 0.3269230769230769
2 0.4014423076923077 0.33533653846153844 0.10096153846153846 0.29086538461538464
3 0.25240384615384615 0.33653846153846156 0.026442307692307692 0.27403846153846156
3 0.3076923076923077 0.3389423076923077 0.026442307692307692 0.27403846153846156
2 0.515625 0.3449519230769231 0.11538461538461539 0.27884615384615385
3 0.31850961538461536 0.5877403846153846 0.16346153846153846 0.06490384615384616
1 0.5180288461538461 0.6682692307692307 0.5288461538461539 0.22355769230769232
3 0.5240384615384616 0.7463942307692307 0.3173076923076923 0.052884615384615384